vg      	vd      	ids     
0       	0       	9.8567e-15
0       	0.05    	9.9127e-12
0       	0.1     	1.1372e-11
0       	0.15    	1.1597e-11
0       	0.2     	1.1643e-11
0       	0.25    	1.1662e-11
0       	0.3     	1.1675e-11
0       	0.35    	1.1687e-11
0       	0.4     	1.1698e-11
0       	0.45    	1.1709e-11
0       	0.5     	1.1718e-11
0       	0.55    	1.1727e-11
0       	0.6     	1.1736e-11
0       	0.65    	1.1744e-11
0       	0.7     	1.1751e-11
0.05    	0       	5.7778e-14
0.05    	0.05    	6.847e-11
0.05    	0.1     	7.8497e-11
0.05    	0.15    	8.0071e-11
0.05    	0.2     	8.0398e-11
0.05    	0.25    	8.0535e-11
0.05    	0.3     	8.0636e-11
0.05    	0.35    	8.0725e-11
0.05    	0.4     	8.0807e-11
0.05    	0.45    	8.0882e-11
0.05    	0.5     	8.0952e-11
0.05    	0.55    	8.1018e-11
0.05    	0.6     	8.1079e-11
0.05    	0.65    	8.1137e-11
0.05    	0.7     	8.1192e-11
0.1     	0       	4.4132e-13
0.1     	0.05    	4.6888e-10
0.1     	0.1     	5.3829e-10
0.1     	0.15    	5.4921e-10
0.1     	0.2     	5.5157e-10
0.1     	0.25    	5.5259e-10
0.1     	0.3     	5.5335e-10
0.1     	0.35    	5.54e-10
0.1     	0.4     	5.546e-10
0.1     	0.45    	5.5515e-10
0.1     	0.5     	5.5566e-10
0.1     	0.55    	5.5613e-10
0.1     	0.6     	5.5657e-10
0.1     	0.65    	5.5699e-10
0.1     	0.7     	5.5737e-10
0.15    	0       	2.7658e-12
0.15    	0.05    	3.1973e-09
0.15    	0.1     	3.6739e-09
0.15    	0.15    	3.7504e-09
0.15    	0.2     	3.7675e-09
0.15    	0.25    	3.7751e-09
0.15    	0.3     	3.7807e-09
0.15    	0.35    	3.7856e-09
0.15    	0.4     	3.79e-09
0.15    	0.45    	3.7939e-09
0.15    	0.5     	3.7976e-09
0.15    	0.55    	3.801e-09
0.15    	0.6     	3.8041e-09
0.15    	0.65    	3.8071e-09
0.15    	0.7     	3.8098e-09
0.2     	0       	1.7568e-11
0.2     	0.05    	2.095e-08
0.2     	0.1     	2.421e-08
0.2     	0.15    	2.4743e-08
0.2     	0.2     	2.4866e-08
0.2     	0.25    	2.4922e-08
0.2     	0.3     	2.4962e-08
0.2     	0.35    	2.4997e-08
0.2     	0.4     	2.5027e-08
0.2     	0.45    	2.5055e-08
0.2     	0.5     	2.508e-08
0.2     	0.55    	2.5103e-08
0.2     	0.6     	2.5124e-08
0.2     	0.65    	2.5143e-08
0.2     	0.7     	2.5162e-08
0.25    	0       	8.1426e-11
0.25    	0.05    	1.1503e-07
0.25    	0.1     	1.3645e-07
0.25    	0.15    	1.4012e-07
0.25    	0.2     	1.4095e-07
0.25    	0.25    	1.413e-07
0.25    	0.3     	1.4154e-07
0.25    	0.35    	1.4174e-07
0.25    	0.4     	1.4191e-07
0.25    	0.45    	1.4206e-07
0.25    	0.5     	1.422e-07
0.25    	0.55    	1.4232e-07
0.25    	0.6     	1.4244e-07
0.25    	0.65    	1.4254e-07
0.25    	0.7     	1.4264e-07
0.3     	0       	2.2304e-10
0.3     	0.05    	3.8622e-07
0.3     	0.1     	5.0051e-07
0.3     	0.15    	5.2437e-07
0.3     	0.2     	5.2917e-07
0.3     	0.25    	5.3077e-07
0.3     	0.3     	5.317e-07
0.3     	0.35    	5.3242e-07
0.3     	0.4     	5.3301e-07
0.3     	0.45    	5.3353e-07
0.3     	0.5     	5.3404e-07
0.3     	0.55    	5.3445e-07
0.3     	0.6     	5.3481e-07
0.3     	0.65    	5.3515e-07
0.3     	0.7     	5.3546e-07
0.35    	0       	3.644e-10
0.35    	0.05    	7.2799e-07
0.35    	0.1     	1.0988e-06
0.35    	0.15    	1.2126e-06
0.35    	0.2     	1.2374e-06
0.35    	0.25    	1.2442e-06
0.35    	0.3     	1.2467e-06
0.35    	0.35    	1.2484e-06
0.35    	0.4     	1.2497e-06
0.35    	0.45    	1.2507e-06
0.35    	0.5     	1.2517e-06
0.35    	0.55    	1.2526e-06
0.35    	0.6     	1.2533e-06
0.35    	0.65    	1.2539e-06
0.35    	0.7     	1.2545e-06
0.4     	0       	4.7353e-10
0.4     	0.05    	9.7848e-07
0.4     	0.1     	1.6665e-06
0.4     	0.15    	2.0082e-06
0.4     	0.2     	2.1197e-06
0.4     	0.25    	2.1479e-06
0.4     	0.3     	2.1556e-06
0.4     	0.35    	2.1594e-06
0.4     	0.4     	2.1617e-06
0.4     	0.45    	2.1634e-06
0.4     	0.5     	2.165e-06
0.4     	0.55    	2.1662e-06
0.4     	0.6     	2.1673e-06
0.4     	0.65    	2.1682e-06
0.4     	0.7     	2.1692e-06
0.45    	0       	5.6066e-10
0.45    	0.05    	1.1354e-06
0.45    	0.1     	2.0585e-06
0.45    	0.15    	2.6732e-06
0.45    	0.2     	2.9909e-06
0.45    	0.25    	3.097e-06
0.45    	0.3     	3.1273e-06
0.45    	0.35    	3.137e-06
0.45    	0.4     	3.1412e-06
0.45    	0.45    	3.1439e-06
0.45    	0.5     	3.146e-06
0.45    	0.55    	3.1477e-06
0.45    	0.6     	3.149e-06
0.45    	0.65    	3.1503e-06
0.45    	0.7     	3.1514e-06
0.5     	0       	6.3333e-10
0.5     	0.05    	1.2368e-06
0.5     	0.1     	2.306e-06
0.5     	0.15    	3.1183e-06
0.5     	0.2     	3.6628e-06
0.5     	0.25    	3.9443e-06
0.5     	0.3     	4.0502e-06
0.5     	0.35    	4.0862e-06
0.5     	0.4     	4.0972e-06
0.5     	0.45    	4.1026e-06
0.5     	0.5     	4.1056e-06
0.5     	0.55    	4.1079e-06
0.5     	0.6     	4.1096e-06
0.5     	0.65    	4.111e-06
0.5     	0.7     	4.1122e-06
0.55    	0       	6.9051e-10
0.55    	0.05    	1.3027e-06
0.55    	0.1     	2.4643e-06
0.55    	0.15    	3.3972e-06
0.55    	0.2     	4.0654e-06
0.55    	0.25    	4.529e-06
0.55    	0.3     	4.7997e-06
0.55    	0.35    	4.9143e-06
0.55    	0.4     	4.9575e-06
0.55    	0.45    	4.9728e-06
0.55    	0.5     	4.9793e-06
0.55    	0.55    	4.983e-06
0.55    	0.6     	4.9854e-06
0.55    	0.65    	4.9871e-06
0.55    	0.7     	4.9884e-06
0.6     	0       	7.3735e-10
0.6     	0.05    	1.335e-06
0.6     	0.1     	2.5525e-06
0.6     	0.15    	3.5585e-06
0.6     	0.2     	4.3125e-06
0.6     	0.25    	4.8809e-06
0.6     	0.3     	5.2599e-06
0.6     	0.35    	5.5035e-06
0.6     	0.4     	5.6302e-06
0.6     	0.45    	5.6856e-06
0.6     	0.5     	5.7087e-06
0.6     	0.55    	5.7191e-06
0.6     	0.6     	5.7242e-06
0.6     	0.65    	5.7269e-06
0.6     	0.7     	5.7282e-06
0.65    	0       	7.7792e-10
0.65    	0.05    	1.3533e-06
0.65    	0.1     	2.5972e-06
0.65    	0.15    	3.6525e-06
0.65    	0.2     	4.4577e-06
0.65    	0.25    	5.0774e-06
0.65    	0.3     	5.5165e-06
0.65    	0.35    	5.8188e-06
0.65    	0.4     	6.0274e-06
0.65    	0.45    	6.1516e-06
0.65    	0.5     	6.2152e-06
0.65    	0.55    	6.2489e-06
0.65    	0.6     	6.2637e-06
0.65    	0.65    	6.2686e-06
0.65    	0.7     	6.2703e-06
0.7     	0       	8.1114e-10
0.7     	0.05    	1.3687e-06
0.7     	0.1     	2.63e-06
0.7     	0.15    	3.7096e-06
0.7     	0.2     	4.5551e-06
0.7     	0.25    	5.2169e-06
0.7     	0.3     	5.69e-06
0.7     	0.35    	6.0273e-06
0.7     	0.4     	6.2647e-06
0.7     	0.45    	6.4268e-06
0.7     	0.5     	6.5278e-06
0.7     	0.55    	6.5793e-06
0.7     	0.6     	6.5997e-06
0.7     	0.65    	6.6061e-06
0.7     	0.7     	6.6082e-06
