vg      	vd      	ids     
0       	0       	1.258e-12
0       	0.05    	1.7889e-10
0       	0.1     	2.0563e-10
0       	0.15    	2.1005e-10
0       	0.2     	2.1114e-10
0       	0.25    	2.1171e-10
0       	0.3     	2.1217e-10
0       	0.35    	2.1258e-10
0       	0.4     	2.1296e-10
0       	0.45    	2.1332e-10
0       	0.5     	2.1365e-10
0       	0.55    	2.1397e-10
0       	0.6     	2.1427e-10
0       	0.65    	2.1456e-10
0       	0.7     	2.1483e-10
0.05    	0       	8.0215e-12
0.05    	0.05    	1.2183e-09
0.05    	0.1     	1.4002e-09
0.05    	0.15    	1.4306e-09
0.05    	0.2     	1.4383e-09
0.05    	0.25    	1.4424e-09
0.05    	0.3     	1.4456e-09
0.05    	0.35    	1.4485e-09
0.05    	0.4     	1.4511e-09
0.05    	0.45    	1.4536e-09
0.05    	0.5     	1.4559e-09
0.05    	0.55    	1.4581e-09
0.05    	0.6     	1.4601e-09
0.05    	0.65    	1.462e-09
0.05    	0.7     	1.4638e-09
0.1     	0       	5.248e-11
0.1     	0.05    	8.1098e-09
0.1     	0.1     	9.3522e-09
0.1     	0.15    	9.5609e-09
0.1     	0.2     	9.6147e-09
0.1     	0.25    	9.6429e-09
0.1     	0.3     	9.6652e-09
0.1     	0.35    	9.6848e-09
0.1     	0.4     	9.7025e-09
0.1     	0.45    	9.7188e-09
0.1     	0.5     	9.7339e-09
0.1     	0.55    	9.748e-09
0.1     	0.6     	9.7612e-09
0.1     	0.65    	9.7736e-09
0.1     	0.7     	9.7854e-09
0.15    	0       	3.2919e-10
0.15    	0.05    	5.1311e-08
0.15    	0.1     	5.9617e-08
0.15    	0.15    	6.1043e-08
0.15    	0.2     	6.1403e-08
0.15    	0.25    	6.1586e-08
0.15    	0.3     	6.1726e-08
0.15    	0.35    	6.1847e-08
0.15    	0.4     	6.1955e-08
0.15    	0.45    	6.2053e-08
0.15    	0.5     	6.2143e-08
0.15    	0.55    	6.2226e-08
0.15    	0.6     	6.2303e-08
0.15    	0.65    	6.2376e-08
0.15    	0.7     	6.2444e-08
0.2     	0       	1.5679e-09
0.2     	0.05    	2.6748e-07
0.2     	0.1     	3.1975e-07
0.2     	0.15    	3.2907e-07
0.2     	0.2     	3.3125e-07
0.2     	0.25    	3.322e-07
0.2     	0.3     	3.3286e-07
0.2     	0.35    	3.3342e-07
0.2     	0.4     	3.3391e-07
0.2     	0.45    	3.3434e-07
0.2     	0.5     	3.3474e-07
0.2     	0.55    	3.3509e-07
0.2     	0.6     	3.3543e-07
0.2     	0.65    	3.3573e-07
0.2     	0.7     	3.3602e-07
0.25    	0       	4.1466e-09
0.25    	0.05    	8.8018e-07
0.25    	0.1     	1.1411e-06
0.25    	0.15    	1.1949e-06
0.25    	0.2     	1.2062e-06
0.25    	0.25    	1.2099e-06
0.25    	0.3     	1.2121e-06
0.25    	0.35    	1.2137e-06
0.25    	0.4     	1.215e-06
0.25    	0.45    	1.2162e-06
0.25    	0.5     	1.2173e-06
0.25    	0.55    	1.2182e-06
0.25    	0.6     	1.2191e-06
0.25    	0.65    	1.2199e-06
0.25    	0.7     	1.2206e-06
0.3     	0       	6.8484e-09
0.3     	0.05    	1.741e-06
0.3     	0.1     	2.5544e-06
0.3     	0.15    	2.7872e-06
0.3     	0.2     	2.8398e-06
0.3     	0.25    	2.8535e-06
0.3     	0.3     	2.8592e-06
0.3     	0.35    	2.8627e-06
0.3     	0.4     	2.8655e-06
0.3     	0.45    	2.8678e-06
0.3     	0.5     	2.8701e-06
0.3     	0.55    	2.8719e-06
0.3     	0.6     	2.8735e-06
0.3     	0.65    	2.8749e-06
0.3     	0.7     	2.8762e-06
0.35    	0       	9.0655e-09
0.35    	0.05    	2.5309e-06
0.35    	0.1     	4.1388e-06
0.35    	0.15    	4.8182e-06
0.35    	0.2     	5.0139e-06
0.35    	0.25    	5.0662e-06
0.35    	0.3     	5.0815e-06
0.35    	0.35    	5.0886e-06
0.35    	0.4     	5.0934e-06
0.35    	0.45    	5.0976e-06
0.35    	0.5     	5.1008e-06
0.35    	0.55    	5.1034e-06
0.35    	0.6     	5.1058e-06
0.35    	0.65    	5.1079e-06
0.35    	0.7     	5.1101e-06
0.4     	0       	1.0843e-08
0.4     	0.05    	3.1595e-06
0.4     	0.1     	5.5337e-06
0.4     	0.15    	6.8992e-06
0.4     	0.2     	7.4504e-06
0.4     	0.25    	7.6126e-06
0.4     	0.3     	7.6608e-06
0.4     	0.35    	7.6769e-06
0.4     	0.4     	7.685e-06
0.4     	0.45    	7.6912e-06
0.4     	0.5     	7.6956e-06
0.4     	0.55    	7.6992e-06
0.4     	0.6     	7.7024e-06
0.4     	0.65    	7.7054e-06
0.4     	0.7     	7.708e-06
0.45    	0       	1.2295e-08
0.45    	0.05    	3.6404e-06
0.45    	0.1     	6.6256e-06
0.45    	0.15    	8.7092e-06
0.45    	0.2     	9.8341e-06
0.45    	0.25    	1.0279e-05
0.45    	0.3     	1.0419e-05
0.45    	0.35    	1.0461e-05
0.45    	0.4     	1.0477e-05
0.45    	0.45    	1.0486e-05
0.45    	0.5     	1.0492e-05
0.45    	0.55    	1.0497e-05
0.45    	0.6     	1.0501e-05
0.45    	0.65    	1.0505e-05
0.45    	0.7     	1.0508e-05
0.5     	0       	1.3464e-08
0.5     	0.05    	4.0029e-06
0.5     	0.1     	7.4433e-06
0.5     	0.15    	1.0112e-05
0.5     	0.2     	1.1874e-05
0.5     	0.25    	1.2794e-05
0.5     	0.3     	1.3164e-05
0.5     	0.35    	1.3289e-05
0.5     	0.4     	1.333e-05
0.5     	0.45    	1.3347e-05
0.5     	0.5     	1.3356e-05
0.5     	0.55    	1.3362e-05
0.5     	0.6     	1.3367e-05
0.5     	0.65    	1.3371e-05
0.5     	0.7     	1.3375e-05
0.55    	0       	1.4429e-08
0.55    	0.05    	4.2744e-06
0.55    	0.1     	8.0494e-06
0.55    	0.15    	1.1137e-05
0.55    	0.2     	1.3425e-05
0.55    	0.25    	1.4883e-05
0.55    	0.3     	1.5671e-05
0.55    	0.35    	1.5986e-05
0.55    	0.4     	1.61e-05
0.55    	0.45    	1.6139e-05
0.55    	0.5     	1.6157e-05
0.55    	0.55    	1.6166e-05
0.55    	0.6     	1.6173e-05
0.55    	0.65    	1.6178e-05
0.55    	0.7     	1.6182e-05
0.6     	0       	1.4912e-08
0.6     	0.05    	4.4482e-06
0.6     	0.1     	8.4795e-06
0.6     	0.15    	1.1869e-05
0.6     	0.2     	1.4524e-05
0.6     	0.25    	1.6411e-05
0.6     	0.3     	1.7657e-05
0.6     	0.35    	1.8325e-05
0.6     	0.4     	1.8612e-05
0.6     	0.45    	1.8724e-05
0.6     	0.5     	1.8768e-05
0.6     	0.55    	1.8787e-05
0.6     	0.6     	1.8796e-05
0.6     	0.65    	1.8803e-05
0.6     	0.7     	1.8807e-05
0.65    	0       	1.5072e-08
0.65    	0.05    	4.4906e-06
0.65    	0.1     	8.6763e-06
0.65    	0.15    	1.2304e-05
0.65    	0.2     	1.5231e-05
0.65    	0.25    	1.7425e-05
0.65    	0.3     	1.8966e-05
0.65    	0.35    	2.0027e-05
0.65    	0.4     	2.0651e-05
0.65    	0.45    	2.0937e-05
0.65    	0.5     	2.1055e-05
0.65    	0.55    	2.1104e-05
0.65    	0.6     	2.1126e-05
0.65    	0.65    	2.1137e-05
0.65    	0.7     	2.1144e-05
0.7     	0       	1.513e-08
0.7     	0.05    	4.4946e-06
0.7     	0.1     	8.7136e-06
0.7     	0.15    	1.2467e-05
0.7     	0.2     	1.5599e-05
0.7     	0.25    	1.7994e-05
0.7     	0.3     	1.9756e-05
0.7     	0.35    	2.1088e-05
0.7     	0.4     	2.1984e-05
0.7     	0.45    	2.2557e-05
0.7     	0.5     	2.2851e-05
0.7     	0.55    	2.2993e-05
0.7     	0.6     	2.3055e-05
0.7     	0.65    	2.3083e-05
0.7     	0.7     	2.3098e-05
