vg      	vd      	ids     
0       	0       	2.4097e-19
0       	0.05    	9.6672e-16
0       	0.1     	1.1067e-15
0       	0.15    	1.1278e-15
0       	0.2     	1.1316e-15
0       	0.25    	1.1327e-15
0       	0.3     	1.1334e-15
0       	0.35    	1.1339e-15
0       	0.4     	1.1342e-15
0       	0.45    	1.1343e-15
0       	0.5     	1.1343e-15
0       	0.55    	1.1343e-15
0       	0.6     	1.1343e-15
0       	0.65    	1.1343e-15
0       	0.7     	1.1343e-15
0.05    	0       	2.279e-18
0.05    	0.05    	6.6443e-15
0.05    	0.1     	7.6156e-15
0.05    	0.15    	7.7613e-15
0.05    	0.2     	7.7876e-15
0.05    	0.25    	7.796e-15
0.05    	0.3     	7.8013e-15
0.05    	0.35    	7.8057e-15
0.05    	0.4     	7.8089e-15
0.05    	0.45    	7.8107e-15
0.05    	0.5     	7.8113e-15
0.05    	0.55    	7.8114e-15
0.05    	0.6     	7.8114e-15
0.05    	0.65    	7.8114e-15
0.05    	0.7     	7.8114e-15
0.1     	0       	1.3433e-17
0.1     	0.05    	4.5994e-14
0.1     	0.1     	5.2674e-14
0.1     	0.15    	5.3687e-14
0.1     	0.2     	5.3872e-14
0.1     	0.25    	5.3934e-14
0.1     	0.3     	5.3974e-14
0.1     	0.35    	5.4008e-14
0.1     	0.4     	5.4038e-14
0.1     	0.45    	5.406e-14
0.1     	0.5     	5.4072e-14
0.1     	0.55    	5.4076e-14
0.1     	0.6     	5.4077e-14
0.1     	0.65    	5.4077e-14
0.1     	0.7     	5.4077e-14
0.15    	0       	1.3176e-16
0.15    	0.05    	3.1623e-13
0.15    	0.1     	3.6253e-13
0.15    	0.15    	3.6952e-13
0.15    	0.2     	3.7083e-13
0.15    	0.25    	3.7128e-13
0.15    	0.3     	3.7158e-13
0.15    	0.35    	3.7184e-13
0.15    	0.4     	3.7207e-13
0.15    	0.45    	3.7227e-13
0.15    	0.5     	3.7242e-13
0.15    	0.55    	3.7251e-13
0.15    	0.6     	3.7253e-13
0.15    	0.65    	3.7254e-13
0.15    	0.7     	3.7254e-13
0.2     	0       	8.1926e-16
0.2     	0.05    	2.1873e-12
0.2     	0.1     	2.5058e-12
0.2     	0.15    	2.5546e-12
0.2     	0.2     	2.5638e-12
0.2     	0.25    	2.5671e-12
0.2     	0.3     	2.5694e-12
0.2     	0.35    	2.5713e-12
0.2     	0.4     	2.5731e-12
0.2     	0.45    	2.5747e-12
0.2     	0.5     	2.576e-12
0.2     	0.55    	2.5771e-12
0.2     	0.6     	2.5776e-12
0.2     	0.65    	2.5778e-12
0.2     	0.7     	2.5779e-12
0.25    	0       	8.159e-15
0.25    	0.05    	1.5028e-11
0.25    	0.1     	1.7233e-11
0.25    	0.15    	1.7571e-11
0.25    	0.2     	1.7636e-11
0.25    	0.25    	1.7661e-11
0.25    	0.3     	1.7678e-11
0.25    	0.35    	1.7692e-11
0.25    	0.4     	1.7706e-11
0.25    	0.45    	1.7717e-11
0.25    	0.5     	1.7728e-11
0.25    	0.55    	1.7737e-11
0.25    	0.6     	1.7744e-11
0.25    	0.65    	1.7748e-11
0.25    	0.7     	1.7749e-11
0.3     	0       	5.4219e-14
0.3     	0.05    	1.0381e-10
0.3     	0.1     	1.1899e-10
0.3     	0.15    	1.2134e-10
0.3     	0.2     	1.2181e-10
0.3     	0.25    	1.2199e-10
0.3     	0.3     	1.2212e-10
0.3     	0.35    	1.2223e-10
0.3     	0.4     	1.2233e-10
0.3     	0.45    	1.2242e-10
0.3     	0.5     	1.225e-10
0.3     	0.55    	1.2257e-10
0.3     	0.6     	1.2263e-10
0.3     	0.65    	1.2268e-10
0.3     	0.7     	1.2271e-10
0.35    	0       	6.0982e-13
0.35    	0.05    	7.0942e-10
0.35    	0.1     	8.1449e-10
0.35    	0.15    	8.3084e-10
0.35    	0.2     	8.3421e-10
0.35    	0.25    	8.3556e-10
0.35    	0.3     	8.3652e-10
0.35    	0.35    	8.3734e-10
0.35    	0.4     	8.3808e-10
0.35    	0.45    	8.3874e-10
0.35    	0.5     	8.3934e-10
0.35    	0.55    	8.3989e-10
0.35    	0.6     	8.4038e-10
0.35    	0.65    	8.408e-10
0.35    	0.7     	8.4112e-10
0.4     	0       	3.1911e-12
0.4     	0.05    	4.8123e-09
0.4     	0.1     	5.5324e-09
0.4     	0.15    	5.6472e-09
0.4     	0.2     	5.6716e-09
0.4     	0.25    	5.6817e-09
0.4     	0.3     	5.6888e-09
0.4     	0.35    	5.6948e-09
0.4     	0.4     	5.7002e-09
0.4     	0.45    	5.705e-09
0.4     	0.5     	5.7094e-09
0.4     	0.55    	5.7134e-09
0.4     	0.6     	5.7169e-09
0.4     	0.65    	5.7202e-09
0.4     	0.7     	5.7229e-09
0.45    	0       	1.1873e-11
0.45    	0.05    	2.9868e-08
0.45    	0.1     	3.4776e-08
0.45    	0.15    	3.558e-08
0.45    	0.2     	3.5753e-08
0.45    	0.25    	3.5824e-08
0.45    	0.3     	3.5872e-08
0.45    	0.35    	3.5912e-08
0.45    	0.4     	3.5947e-08
0.45    	0.45    	3.5978e-08
0.45    	0.5     	3.6006e-08
0.45    	0.55    	3.6031e-08
0.45    	0.6     	3.6054e-08
0.45    	0.65    	3.6074e-08
0.45    	0.7     	3.6092e-08
0.5     	0       	3.7694e-11
0.5     	0.05    	1.3157e-07
0.5     	0.1     	1.6281e-07
0.5     	0.15    	1.6844e-07
0.5     	0.2     	1.6963e-07
0.5     	0.25    	1.7002e-07
0.5     	0.3     	1.7025e-07
0.5     	0.35    	1.7043e-07
0.5     	0.4     	1.7059e-07
0.5     	0.45    	1.7072e-07
0.5     	0.5     	1.7084e-07
0.5     	0.55    	1.7094e-07
0.5     	0.6     	1.7103e-07
0.5     	0.65    	1.7112e-07
0.5     	0.7     	1.712e-07
0.55    	0       	6.9357e-11
0.55    	0.05    	3.0276e-07
0.55    	0.1     	4.4157e-07
0.55    	0.15    	4.7876e-07
0.55    	0.2     	4.8627e-07
0.55    	0.25    	4.8818e-07
0.55    	0.3     	4.8905e-07
0.55    	0.35    	4.8955e-07
0.55    	0.4     	4.8994e-07
0.55    	0.45    	4.9026e-07
0.55    	0.5     	4.9056e-07
0.55    	0.55    	4.908e-07
0.55    	0.6     	4.9101e-07
0.55    	0.65    	4.912e-07
0.55    	0.7     	4.9136e-07
0.6     	0       	9.1108e-11
0.6     	0.05    	4.2305e-07
0.6     	0.1     	7.2326e-07
0.6     	0.15    	8.7247e-07
0.6     	0.2     	9.2219e-07
0.6     	0.25    	9.3343e-07
0.6     	0.3     	9.3683e-07
0.6     	0.35    	9.3817e-07
0.6     	0.4     	9.3898e-07
0.6     	0.45    	9.3962e-07
0.6     	0.5     	9.4009e-07
0.6     	0.55    	9.4049e-07
0.6     	0.6     	9.408e-07
0.6     	0.65    	9.4106e-07
0.6     	0.7     	9.4122e-07
0.65    	0       	1.0551e-10
0.65    	0.05    	4.8228e-07
0.65    	0.1     	8.8639e-07
0.65    	0.15    	1.1654e-06
0.65    	0.2     	1.3243e-06
0.65    	0.25    	1.388e-06
0.65    	0.3     	1.4069e-06
0.65    	0.35    	1.4128e-06
0.65    	0.4     	1.4152e-06
0.65    	0.45    	1.4163e-06
0.65    	0.5     	1.4171e-06
0.65    	0.55    	1.4176e-06
0.65    	0.6     	1.418e-06
0.65    	0.65    	1.4181e-06
0.65    	0.7     	1.4181e-06
0.7     	0       	1.1237e-10
0.7     	0.05    	5.0549e-07
0.7     	0.1     	9.5864e-07
0.7     	0.15    	1.3113e-06
0.7     	0.2     	1.5492e-06
0.7     	0.25    	1.7128e-06
0.7     	0.3     	1.7901e-06
0.7     	0.35    	1.8237e-06
0.7     	0.4     	1.8351e-06
0.7     	0.45    	1.8397e-06
0.7     	0.5     	1.8416e-06
0.7     	0.55    	1.8423e-06
0.7     	0.6     	1.8425e-06
0.7     	0.65    	1.8426e-06
0.7     	0.7     	1.8426e-06
