vg      	vd      	ids     
0       	0       	5.848e-12
0       	0.05    	6.1374e-10
0       	0.1     	7.156e-10
0       	0.15    	7.3731e-10
0       	0.2     	7.4614e-10
0       	0.25    	7.5262e-10
0       	0.3     	7.5841e-10
0       	0.35    	7.638e-10
0       	0.4     	7.6885e-10
0       	0.45    	7.7361e-10
0       	0.5     	7.781e-10
0       	0.55    	7.8235e-10
0       	0.6     	7.8641e-10
0       	0.65    	7.9029e-10
0       	0.7     	7.9404e-10
0.05    	0       	3.7142e-11
0.05    	0.05    	3.8602e-09
0.05    	0.1     	4.5032e-09
0.05    	0.15    	4.6416e-09
0.05    	0.2     	4.6975e-09
0.05    	0.25    	4.7378e-09
0.05    	0.3     	4.7735e-09
0.05    	0.35    	4.8067e-09
0.05    	0.4     	4.8378e-09
0.05    	0.45    	4.8671e-09
0.05    	0.5     	4.8949e-09
0.05    	0.55    	4.9212e-09
0.05    	0.6     	4.9462e-09
0.05    	0.65    	4.9701e-09
0.05    	0.7     	4.993e-09
0.1     	0       	2.2614e-10
0.1     	0.05    	2.3778e-08
0.1     	0.1     	2.7821e-08
0.1     	0.15    	2.8688e-08
0.1     	0.2     	2.9029e-08
0.1     	0.25    	2.9268e-08
0.1     	0.3     	2.9478e-08
0.1     	0.35    	2.9671e-08
0.1     	0.4     	2.9852e-08
0.1     	0.45    	3.0022e-08
0.1     	0.5     	3.0183e-08
0.1     	0.55    	3.0335e-08
0.1     	0.6     	3.0479e-08
0.1     	0.65    	3.0615e-08
0.1     	0.7     	3.0745e-08
0.15    	0       	1.173e-09
0.15    	0.05    	1.3278e-07
0.15    	0.1     	1.5736e-07
0.15    	0.15    	1.6252e-07
0.15    	0.2     	1.6436e-07
0.15    	0.25    	1.6556e-07
0.15    	0.3     	1.6657e-07
0.15    	0.35    	1.6748e-07
0.15    	0.4     	1.6833e-07
0.15    	0.45    	1.6912e-07
0.15    	0.5     	1.6986e-07
0.15    	0.55    	1.7055e-07
0.15    	0.6     	1.712e-07
0.15    	0.65    	1.7181e-07
0.15    	0.7     	1.7239e-07
0.2     	0       	4.0533e-09
0.2     	0.05    	5.3708e-07
0.2     	0.1     	6.6324e-07
0.2     	0.15    	6.8929e-07
0.2     	0.2     	6.969e-07
0.2     	0.25    	7.0097e-07
0.2     	0.3     	7.0411e-07
0.2     	0.35    	7.0685e-07
0.2     	0.4     	7.0933e-07
0.2     	0.45    	7.1161e-07
0.2     	0.5     	7.1372e-07
0.2     	0.55    	7.1569e-07
0.2     	0.6     	7.1753e-07
0.2     	0.65    	7.1925e-07
0.2     	0.7     	7.2086e-07
0.25    	0       	8.6534e-09
0.25    	0.05    	1.3433e-06
0.25    	0.1     	1.7748e-06
0.25    	0.15    	1.8713e-06
0.25    	0.2     	1.8958e-06
0.25    	0.25    	1.906e-06
0.25    	0.3     	1.9127e-06
0.25    	0.35    	1.9182e-06
0.25    	0.4     	1.923e-06
0.25    	0.45    	1.9274e-06
0.25    	0.5     	1.9313e-06
0.25    	0.55    	1.9349e-06
0.25    	0.6     	1.9383e-06
0.25    	0.65    	1.9414e-06
0.25    	0.7     	1.9443e-06
0.3     	0       	1.3564e-08
0.3     	0.05    	2.3606e-06
0.3     	0.1     	3.353e-06
0.3     	0.15    	3.6116e-06
0.3     	0.2     	3.6758e-06
0.3     	0.25    	3.6981e-06
0.3     	0.3     	3.7106e-06
0.3     	0.35    	3.7199e-06
0.3     	0.4     	3.7276e-06
0.3     	0.45    	3.7354e-06
0.3     	0.5     	3.7416e-06
0.3     	0.55    	3.747e-06
0.3     	0.6     	3.752e-06
0.3     	0.65    	3.7566e-06
0.3     	0.7     	3.7608e-06
0.35    	0       	1.8497e-08
0.35    	0.05    	3.418e-06
0.35    	0.1     	5.179e-06
0.35    	0.15    	5.7304e-06
0.35    	0.2     	5.8715e-06
0.35    	0.25    	5.9149e-06
0.35    	0.3     	5.9353e-06
0.35    	0.35    	5.9491e-06
0.35    	0.4     	5.9601e-06
0.35    	0.45    	5.9696e-06
0.35    	0.5     	5.979e-06
0.35    	0.55    	5.9866e-06
0.35    	0.6     	5.9932e-06
0.35    	0.65    	5.9993e-06
0.35    	0.7     	6.0049e-06
0.4     	0       	2.3193e-08
0.4     	0.05    	4.4473e-06
0.4     	0.1     	7.1076e-06
0.4     	0.15    	8.09e-06
0.4     	0.2     	8.3708e-06
0.4     	0.25    	8.4504e-06
0.4     	0.3     	8.4827e-06
0.4     	0.35    	8.502e-06
0.4     	0.4     	8.5167e-06
0.4     	0.45    	8.5288e-06
0.4     	0.5     	8.5394e-06
0.4     	0.55    	8.5488e-06
0.4     	0.6     	8.5573e-06
0.4     	0.65    	8.5649e-06
0.4     	0.7     	8.5728e-06
0.45    	0       	2.7573e-08
0.45    	0.05    	5.4237e-06
0.45    	0.1     	9.0451e-06
0.45    	0.15    	1.0588e-05
0.45    	0.2     	1.1091e-05
0.45    	0.25    	1.1238e-05
0.45    	0.3     	1.1288e-05
0.45    	0.35    	1.1315e-05
0.45    	0.4     	1.1334e-05
0.45    	0.45    	1.1349e-05
0.45    	0.5     	1.1362e-05
0.45    	0.55    	1.1373e-05
0.45    	0.6     	1.1383e-05
0.45    	0.65    	1.1392e-05
0.45    	0.7     	1.1401e-05
0.5     	0       	3.1738e-08
0.5     	0.05    	6.3326e-06
0.5     	0.1     	1.0924e-05
0.5     	0.15    	1.3169e-05
0.5     	0.2     	1.3974e-05
0.5     	0.25    	1.422e-05
0.5     	0.3     	1.43e-05
0.5     	0.35    	1.4338e-05
0.5     	0.4     	1.4362e-05
0.5     	0.45    	1.4381e-05
0.5     	0.5     	1.4396e-05
0.5     	0.55    	1.441e-05
0.5     	0.6     	1.4423e-05
0.5     	0.65    	1.4434e-05
0.5     	0.7     	1.4444e-05
0.55    	0       	3.5296e-08
0.55    	0.05    	7.1644e-06
0.55    	0.1     	1.262e-05
0.55    	0.15    	1.5744e-05
0.55    	0.2     	1.6957e-05
0.55    	0.25    	1.7358e-05
0.55    	0.3     	1.7503e-05
0.55    	0.35    	1.754e-05
0.55    	0.4     	1.7564e-05
0.55    	0.45    	1.7586e-05
0.55    	0.5     	1.7615e-05
0.55    	0.55    	1.7625e-05
0.55    	0.6     	1.7636e-05
0.55    	0.65    	1.7646e-05
0.55    	0.7     	1.7668e-05
0.6     	0       	3.8432e-08
0.6     	0.05    	7.9396e-06
0.6     	0.1     	1.4308e-05
0.6     	0.15    	1.8221e-05
0.6     	0.2     	1.9959e-05
0.6     	0.25    	2.0603e-05
0.6     	0.3     	2.0812e-05
0.6     	0.35    	2.0872e-05
0.6     	0.4     	2.0924e-05
0.6     	0.45    	2.0939e-05
0.6     	0.5     	2.0969e-05
0.6     	0.55    	2.0977e-05
0.6     	0.6     	2.1e-05 
0.6     	0.65    	2.1006e-05
0.6     	0.7     	2.1025e-05
0.65    	0       	4.1228e-08
0.65    	0.05    	8.6298e-06
0.65    	0.1     	1.5715e-05
0.65    	0.15    	2.0616e-05
0.65    	0.2     	2.2998e-05
0.65    	0.25    	2.3909e-05
0.65    	0.3     	2.4225e-05
0.65    	0.35    	2.4345e-05
0.65    	0.4     	2.4372e-05
0.65    	0.45    	2.4409e-05
0.65    	0.5     	2.4443e-05
0.65    	0.55    	2.4465e-05
0.65    	0.6     	2.4466e-05
0.65    	0.65    	2.4484e-05
0.65    	0.7     	2.4504e-05
0.7     	0       	4.3926e-08
0.7     	0.05    	9.2276e-06
0.7     	0.1     	1.7017e-05
0.7     	0.15    	2.267e-05
0.7     	0.2     	2.5843e-05
0.7     	0.25    	2.7251e-05
0.7     	0.3     	2.7717e-05
0.7     	0.35    	2.7884e-05
0.7     	0.4     	2.795e-05
0.7     	0.45    	2.7985e-05
0.7     	0.5     	2.8013e-05
0.7     	0.55    	2.8034e-05
0.7     	0.6     	2.8051e-05
0.7     	0.65    	2.8067e-05
0.7     	0.7     	2.8081e-05
