vg      	vd      	ids     
0       	0       	3.1038e-13
0       	0.05    	3.3203e-10
0       	0.1     	3.8313e-10
0       	0.15    	3.9281e-10
0       	0.2     	3.9608e-10
0       	0.25    	3.9823e-10
0       	0.3     	4.0005e-10
0       	0.35    	4.0167e-10
0       	0.4     	4.0311e-10
0       	0.45    	4.0437e-10
0       	0.5     	4.0544e-10
0       	0.55    	4.0625e-10
0       	0.6     	4.067e-10
0       	0.65    	4.0687e-10
0       	0.7     	4.069e-10
0.05    	0       	2.8467e-12
0.05    	0.05    	2.2094e-09
0.05    	0.1     	2.5556e-09
0.05    	0.15    	2.6216e-09
0.05    	0.2     	2.6446e-09
0.05    	0.25    	2.6596e-09
0.05    	0.3     	2.6721e-09
0.05    	0.35    	2.6832e-09
0.05    	0.4     	2.6931e-09
0.05    	0.45    	2.7019e-09
0.05    	0.5     	2.7096e-09
0.05    	0.55    	2.7161e-09
0.05    	0.6     	2.721e-09
0.05    	0.65    	2.7237e-09
0.05    	0.7     	2.7247e-09
0.1     	0       	2.2125e-11
0.1     	0.05    	1.4442e-08
0.1     	0.1     	1.676e-08
0.1     	0.15    	1.721e-08
0.1     	0.2     	1.7365e-08
0.1     	0.25    	1.7465e-08
0.1     	0.3     	1.7547e-08
0.1     	0.35    	1.7618e-08
0.1     	0.4     	1.7681e-08
0.1     	0.45    	1.7738e-08
0.1     	0.5     	1.7788e-08
0.1     	0.55    	1.7831e-08
0.1     	0.6     	1.7868e-08
0.1     	0.65    	1.7896e-08
0.1     	0.7     	1.7911e-08
0.15    	0       	1.4937e-10
0.15    	0.05    	8.5967e-08
0.15    	0.1     	1.0108e-07
0.15    	0.15    	1.0401e-07
0.15    	0.2     	1.0496e-07
0.15    	0.25    	1.0552e-07
0.15    	0.3     	1.0597e-07
0.15    	0.35    	1.0635e-07
0.15    	0.4     	1.0669e-07
0.15    	0.45    	1.0699e-07
0.15    	0.5     	1.0726e-07
0.15    	0.55    	1.075e-07
0.15    	0.6     	1.0771e-07
0.15    	0.65    	1.0789e-07
0.15    	0.7     	1.0802e-07
0.2     	0       	6.3838e-10
0.2     	0.05    	3.6994e-07
0.2     	0.1     	4.575e-07
0.2     	0.15    	4.75e-07
0.2     	0.2     	4.7967e-07
0.2     	0.25    	4.821e-07
0.2     	0.3     	4.8369e-07
0.2     	0.35    	4.85e-07
0.2     	0.4     	4.8614e-07
0.2     	0.45    	4.8714e-07
0.2     	0.5     	4.8803e-07
0.2     	0.55    	4.8882e-07
0.2     	0.6     	4.8951e-07
0.2     	0.65    	4.9011e-07
0.2     	0.7     	4.9059e-07
0.25    	0       	1.4708e-09
0.25    	0.05    	9.1595e-07
0.25    	0.1     	1.2766e-06
0.25    	0.15    	1.3657e-06
0.25    	0.2     	1.3874e-06
0.25    	0.25    	1.3941e-06
0.25    	0.3     	1.3978e-06
0.25    	0.35    	1.4005e-06
0.25    	0.4     	1.4027e-06
0.25    	0.45    	1.4048e-06
0.25    	0.5     	1.4064e-06
0.25    	0.55    	1.4079e-06
0.25    	0.6     	1.4091e-06
0.25    	0.65    	1.4102e-06
0.25    	0.7     	1.4111e-06
0.3     	0       	2.366e-09
0.3     	0.05    	1.4714e-06
0.3     	0.1     	2.3294e-06
0.3     	0.15    	2.6638e-06
0.3     	0.2     	2.7549e-06
0.3     	0.25    	2.7783e-06
0.3     	0.3     	2.7877e-06
0.3     	0.35    	2.7925e-06
0.3     	0.4     	2.796e-06
0.3     	0.45    	2.7988e-06
0.3     	0.5     	2.8014e-06
0.3     	0.55    	2.8034e-06
0.3     	0.6     	2.8051e-06
0.3     	0.65    	2.8066e-06
0.3     	0.7     	2.8077e-06
0.35    	0       	3.2602e-09
0.35    	0.05    	1.8963e-06
0.35    	0.1     	3.2686e-06
0.35    	0.15    	4.037e-06
0.35    	0.2     	4.3458e-06
0.35    	0.25    	4.4339e-06
0.35    	0.3     	4.4596e-06
0.35    	0.35    	4.4706e-06
0.35    	0.4     	4.4764e-06
0.35    	0.45    	4.4804e-06
0.35    	0.5     	4.4838e-06
0.35    	0.55    	4.4864e-06
0.35    	0.6     	4.4884e-06
0.35    	0.65    	4.49e-06
0.35    	0.7     	4.4911e-06
0.4     	0       	4.172e-09
0.4     	0.05    	2.2178e-06
0.4     	0.1     	3.9915e-06
0.4     	0.15    	5.2118e-06
0.4     	0.2     	5.8922e-06
0.4     	0.25    	6.1595e-06
0.4     	0.3     	6.2501e-06
0.4     	0.35    	6.281e-06
0.4     	0.4     	6.2941e-06
0.4     	0.45    	6.3008e-06
0.4     	0.5     	6.3055e-06
0.4     	0.55    	6.3088e-06
0.4     	0.6     	6.3111e-06
0.4     	0.65    	6.3125e-06
0.4     	0.7     	6.3132e-06
0.45    	0       	5.1168e-09
0.45    	0.05    	2.4721e-06
0.45    	0.1     	4.5455e-06
0.45    	0.15    	6.1238e-06
0.45    	0.2     	7.1524e-06
0.45    	0.25    	7.7439e-06
0.45    	0.3     	8.0033e-06
0.45    	0.35    	8.1011e-06
0.45    	0.4     	8.1367e-06
0.45    	0.45    	8.1518e-06
0.45    	0.5     	8.1603e-06
0.45    	0.55    	8.1649e-06
0.45    	0.6     	8.1675e-06
0.45    	0.65    	8.1686e-06
0.45    	0.7     	8.169e-06
0.5     	0       	6.1055e-09
0.5     	0.05    	2.6823e-06
0.5     	0.1     	4.9887e-06
0.5     	0.15    	6.8339e-06
0.5     	0.2     	8.1498e-06
0.5     	0.25    	9.0363e-06
0.5     	0.3     	9.5355e-06
0.5     	0.35    	9.7822e-06
0.5     	0.4     	9.8926e-06
0.5     	0.45    	9.9394e-06
0.5     	0.5     	9.9605e-06
0.5     	0.55    	9.9697e-06
0.5     	0.6     	9.973e-06
0.5     	0.65    	9.9742e-06
0.5     	0.7     	9.9745e-06
0.55    	0       	7.1658e-09
0.55    	0.05    	2.8598e-06
0.55    	0.1     	5.3557e-06
0.55    	0.15    	7.4049e-06
0.55    	0.2     	8.9324e-06
0.55    	0.25    	1.0038e-05
0.55    	0.3     	1.0746e-05
0.55    	0.35    	1.1168e-05
0.55    	0.4     	1.1402e-05
0.55    	0.45    	1.1516e-05
0.55    	0.5     	1.1569e-05
0.55    	0.55    	1.1587e-05
0.55    	0.6     	1.1594e-05
0.55    	0.65    	1.1596e-05
0.55    	0.7     	1.1597e-05
0.6     	0       	8.1809e-09
0.6     	0.05    	3.0071e-06
0.6     	0.1     	5.6634e-06
0.6     	0.15    	7.875e-06
0.6     	0.2     	9.5616e-06
0.6     	0.25    	1.0824e-05
0.6     	0.3     	1.1639e-05
0.6     	0.35    	1.2202e-05
0.6     	0.4     	1.2533e-05
0.6     	0.45    	1.2707e-05
0.6     	0.5     	1.2783e-05
0.6     	0.55    	1.2805e-05
0.6     	0.6     	1.2819e-05
0.6     	0.65    	1.2825e-05
0.6     	0.7     	1.2831e-05
0.65    	0       	9.2331e-09
0.65    	0.05    	3.1368e-06
0.65    	0.1     	5.9166e-06
0.65    	0.15    	8.2654e-06
0.65    	0.2     	1.0079e-05
0.65    	0.25    	1.1456e-05
0.65    	0.3     	1.237e-05
0.65    	0.35    	1.3018e-05
0.65    	0.4     	1.3385e-05
0.65    	0.45    	1.3579e-05
0.65    	0.5     	1.3662e-05
0.65    	0.55    	1.3685e-05
0.65    	0.6     	1.3696e-05
0.65    	0.65    	1.3706e-05
0.65    	0.7     	1.3715e-05
0.7     	0       	1.0338e-08
0.7     	0.05    	3.2295e-06
0.7     	0.1     	6.153e-06
0.7     	0.15    	8.5888e-06
0.7     	0.2     	1.0512e-05
0.7     	0.25    	1.1985e-05
0.7     	0.3     	1.2973e-05
0.7     	0.35    	1.3645e-05
0.7     	0.4     	1.4084e-05
0.7     	0.45    	1.4279e-05
0.7     	0.5     	1.4363e-05
0.7     	0.55    	1.4391e-05
0.7     	0.6     	1.4403e-05
0.7     	0.65    	1.4416e-05
0.7     	0.7     	1.4427e-05
