vg      	vd      	ids     
0       	0       	1.1539e-12
0       	0.05    	9.613e-11
0       	0.1     	1.1137e-10
0       	0.15    	1.1431e-10
0       	0.2     	1.1533e-10
0       	0.25    	1.1603e-10
0       	0.3     	1.1664e-10
0       	0.35    	1.1721e-10
0       	0.4     	1.1774e-10
0       	0.45    	1.1823e-10
0       	0.5     	1.187e-10
0       	0.55    	1.1914e-10
0       	0.6     	1.1957e-10
0       	0.65    	1.1997e-10
0       	0.7     	1.2036e-10
0.05    	0       	7.6462e-12
0.05    	0.05    	6.2091e-10
0.05    	0.1     	7.1985e-10
0.05    	0.15    	7.3925e-10
0.05    	0.2     	7.4608e-10
0.05    	0.25    	7.507e-10
0.05    	0.3     	7.5473e-10
0.05    	0.35    	7.5844e-10
0.05    	0.4     	7.6188e-10
0.05    	0.45    	7.651e-10
0.05    	0.5     	7.6812e-10
0.05    	0.55    	7.7097e-10
0.05    	0.6     	7.7368e-10
0.05    	0.65    	7.7627e-10
0.05    	0.7     	7.7876e-10
0.1     	0       	4.8905e-11
0.1     	0.05    	3.9424e-09
0.1     	0.1     	4.5828e-09
0.1     	0.15    	4.7091e-09
0.1     	0.2     	4.7536e-09
0.1     	0.25    	4.7834e-09
0.1     	0.3     	4.8092e-09
0.1     	0.35    	4.8328e-09
0.1     	0.4     	4.8546e-09
0.1     	0.45    	4.8749e-09
0.1     	0.5     	4.8939e-09
0.1     	0.55    	4.9117e-09
0.1     	0.6     	4.9285e-09
0.1     	0.65    	4.9445e-09
0.1     	0.7     	4.9598e-09
0.15    	0       	2.8617e-10
0.15    	0.05    	2.4463e-08
0.15    	0.1     	2.8539e-08
0.15    	0.15    	2.9352e-08
0.15    	0.2     	2.9632e-08
0.15    	0.25    	2.9814e-08
0.15    	0.3     	2.9969e-08
0.15    	0.35    	3.0109e-08
0.15    	0.4     	3.0239e-08
0.15    	0.45    	3.0358e-08
0.15    	0.5     	3.047e-08
0.15    	0.55    	3.0573e-08
0.15    	0.6     	3.067e-08
0.15    	0.65    	3.0762e-08
0.15    	0.7     	3.0849e-08
0.2     	0       	1.3487e-09
0.2     	0.05    	1.326e-07
0.2     	0.1     	1.5757e-07
0.2     	0.15    	1.6251e-07
0.2     	0.2     	1.6406e-07
0.2     	0.25    	1.6497e-07
0.2     	0.3     	1.6571e-07
0.2     	0.35    	1.6637e-07
0.2     	0.4     	1.6697e-07
0.2     	0.45    	1.6752e-07
0.2     	0.5     	1.6802e-07
0.2     	0.55    	1.6849e-07
0.2     	0.6     	1.6893e-07
0.2     	0.65    	1.6934e-07
0.2     	0.7     	1.6972e-07
0.25    	0       	3.9347e-09
0.25    	0.05    	4.8787e-07
0.25    	0.1     	6.1053e-07
0.25    	0.15    	6.3555e-07
0.25    	0.2     	6.4218e-07
0.25    	0.25    	6.4535e-07
0.25    	0.3     	6.4766e-07
0.25    	0.35    	6.4962e-07
0.25    	0.4     	6.5136e-07
0.25    	0.45    	6.5293e-07
0.25    	0.5     	6.5437e-07
0.25    	0.55    	6.5569e-07
0.25    	0.6     	6.569e-07
0.25    	0.65    	6.5803e-07
0.25    	0.7     	6.5907e-07
0.3     	0       	7.0767e-09
0.3     	0.05    	1.101e-06
0.3     	0.1     	1.49e-06
0.3     	0.15    	1.5808e-06
0.3     	0.2     	1.6029e-06
0.3     	0.25    	1.6113e-06
0.3     	0.3     	1.6164e-06
0.3     	0.35    	1.6205e-06
0.3     	0.4     	1.6239e-06
0.3     	0.45    	1.627e-06
0.3     	0.5     	1.6298e-06
0.3     	0.55    	1.6323e-06
0.3     	0.6     	1.6346e-06
0.3     	0.65    	1.6367e-06
0.3     	0.7     	1.6386e-06
0.35    	0       	9.9845e-09
0.35    	0.05    	1.7978e-06
0.35    	0.1     	2.6347e-06
0.35    	0.15    	2.8713e-06
0.35    	0.2     	2.9325e-06
0.35    	0.25    	2.9513e-06
0.35    	0.3     	2.9608e-06
0.35    	0.35    	2.9675e-06
0.35    	0.4     	2.973e-06
0.35    	0.45    	2.9778e-06
0.35    	0.5     	2.982e-06
0.35    	0.55    	2.9858e-06
0.35    	0.6     	2.9893e-06
0.35    	0.65    	2.9924e-06
0.35    	0.7     	2.9953e-06
0.4     	0       	1.2465e-08
0.4     	0.05    	2.4671e-06
0.4     	0.1     	3.8701e-06
0.4     	0.15    	4.3546e-06
0.4     	0.2     	4.4904e-06
0.4     	0.25    	4.5296e-06
0.4     	0.3     	4.5462e-06
0.4     	0.35    	4.5566e-06
0.4     	0.4     	4.5656e-06
0.4     	0.45    	4.5724e-06
0.4     	0.5     	4.5782e-06
0.4     	0.55    	4.5833e-06
0.4     	0.6     	4.5879e-06
0.4     	0.65    	4.592e-06
0.4     	0.7     	4.5958e-06
0.45    	0       	1.4586e-08
0.45    	0.05    	3.0782e-06
0.45    	0.1     	5.0925e-06
0.45    	0.15    	5.9286e-06
0.45    	0.2     	6.1951e-06
0.45    	0.25    	6.2696e-06
0.45    	0.3     	6.297e-06
0.45    	0.35    	6.3119e-06
0.45    	0.4     	6.3226e-06
0.45    	0.45    	6.3313e-06
0.45    	0.5     	6.3387e-06
0.45    	0.55    	6.3452e-06
0.45    	0.6     	6.3517e-06
0.45    	0.65    	6.3571e-06
0.45    	0.7     	6.3618e-06
0.5     	0       	1.652e-08
0.5     	0.05    	3.6322e-06
0.5     	0.1     	6.2515e-06
0.5     	0.15    	7.5276e-06
0.5     	0.2     	7.9838e-06
0.5     	0.25    	8.1238e-06
0.5     	0.3     	8.1669e-06
0.5     	0.35    	8.1883e-06
0.5     	0.4     	8.2094e-06
0.5     	0.45    	8.2153e-06
0.5     	0.5     	8.2236e-06
0.5     	0.55    	8.2311e-06
0.5     	0.6     	8.2382e-06
0.5     	0.65    	8.2441e-06
0.5     	0.7     	8.2501e-06
0.55    	0       	1.8135e-08
0.55    	0.05    	4.1377e-06
0.55    	0.1     	7.288e-06
0.55    	0.15    	9.106e-06
0.55    	0.2     	9.8078e-06
0.55    	0.25    	1.007e-05
0.55    	0.3     	1.0132e-05
0.55    	0.35    	1.0171e-05
0.55    	0.4     	1.0182e-05
0.55    	0.45    	1.019e-05
0.55    	0.5     	1.0209e-05
0.55    	0.55    	1.0213e-05
0.55    	0.6     	1.0225e-05
0.55    	0.65    	1.0228e-05
0.55    	0.7     	1.0239e-05
0.6     	0       	1.9568e-08
0.6     	0.05    	4.6214e-06
0.6     	0.1     	8.3113e-06
0.6     	0.15    	1.06e-05
0.6     	0.2     	1.1645e-05
0.6     	0.25    	1.2053e-05
0.6     	0.3     	1.2171e-05
0.6     	0.35    	1.2218e-05
0.6     	0.4     	1.2229e-05
0.6     	0.45    	1.2248e-05
0.6     	0.5     	1.2263e-05
0.6     	0.55    	1.2275e-05
0.6     	0.6     	1.2277e-05
0.6     	0.65    	1.2287e-05
0.6     	0.7     	1.2297e-05
0.65    	0       	2.0861e-08
0.65    	0.05    	5.0434e-06
0.65    	0.1     	9.1741e-06
0.65    	0.15    	1.2004e-05
0.65    	0.2     	1.345e-05
0.65    	0.25    	1.405e-05
0.65    	0.3     	1.4227e-05
0.65    	0.35    	1.4304e-05
0.65    	0.4     	1.4341e-05
0.65    	0.45    	1.437e-05
0.65    	0.5     	1.4363e-05
0.65    	0.55    	1.4384e-05
0.65    	0.6     	1.4394e-05
0.65    	0.65    	1.4409e-05
0.65    	0.7     	1.4415e-05
0.7     	0       	2.2035e-08
0.7     	0.05    	5.4207e-06
0.7     	0.1     	9.9878e-06
0.7     	0.15    	1.3302e-05
0.7     	0.2     	1.5225e-05
0.7     	0.25    	1.6048e-05
0.7     	0.3     	1.6341e-05
0.7     	0.35    	1.6437e-05
0.7     	0.4     	1.6476e-05
0.7     	0.45    	1.6518e-05
0.7     	0.5     	1.6536e-05
0.7     	0.55    	1.6545e-05
0.7     	0.6     	1.6548e-05
0.7     	0.65    	1.6569e-05
0.7     	0.7     	1.6579e-05
