vg      	vd      	ids     
0       	0       	4.0393e-14
0       	0.05    	9.6864e-12
0       	0.1     	1.1174e-11
0       	0.15    	1.1453e-11
0       	0.2     	1.155e-11
0       	0.25    	1.1617e-11
0       	0.3     	1.1675e-11
0       	0.35    	1.1729e-11
0       	0.4     	1.1779e-11
0       	0.45    	1.1827e-11
0       	0.5     	1.1871e-11
0       	0.55    	1.1914e-11
0       	0.6     	1.1955e-11
0       	0.65    	1.1994e-11
0       	0.7     	1.2031e-11
0.05    	0       	2.1708e-13
0.05    	0.05    	6.5885e-11
0.05    	0.1     	7.598e-11
0.05    	0.15    	7.7901e-11
0.05    	0.2     	7.8582e-11
0.05    	0.25    	7.9049e-11
0.05    	0.3     	7.9456e-11
0.05    	0.35    	7.9829e-11
0.05    	0.4     	8.0177e-11
0.05    	0.45    	8.0503e-11
0.05    	0.5     	8.081e-11
0.05    	0.55    	8.1101e-11
0.05    	0.6     	8.1377e-11
0.05    	0.65    	8.164e-11
0.05    	0.7     	8.1891e-11
0.1     	0       	1.5626e-12
0.1     	0.05    	4.417e-10
0.1     	0.1     	5.1059e-10
0.1     	0.15    	5.2377e-10
0.1     	0.2     	5.285e-10
0.1     	0.25    	5.3173e-10
0.1     	0.3     	5.3453e-10
0.1     	0.35    	5.3708e-10
0.1     	0.4     	5.3944e-10
0.1     	0.45    	5.4164e-10
0.1     	0.5     	5.437e-10
0.1     	0.55    	5.4564e-10
0.1     	0.6     	5.4748e-10
0.1     	0.65    	5.4922e-10
0.1     	0.7     	5.5089e-10
0.15    	0       	1.0726e-11
0.15    	0.05    	2.931e-09
0.15    	0.1     	3.3938e-09
0.15    	0.15    	3.4843e-09
0.15    	0.2     	3.5168e-09
0.15    	0.25    	3.5388e-09
0.15    	0.3     	3.5575e-09
0.15    	0.35    	3.5745e-09
0.15    	0.4     	3.5901e-09
0.15    	0.45    	3.6045e-09
0.15    	0.5     	3.6179e-09
0.15    	0.55    	3.6305e-09
0.15    	0.6     	3.6423e-09
0.15    	0.65    	3.6535e-09
0.15    	0.7     	3.6641e-09
0.2     	0       	6.8264e-11
0.2     	0.05    	1.8543e-08
0.2     	0.1     	2.1611e-08
0.2     	0.15    	2.2212e-08
0.2     	0.2     	2.2424e-08
0.2     	0.25    	2.2562e-08
0.2     	0.3     	2.2677e-08
0.2     	0.35    	2.278e-08
0.2     	0.4     	2.2873e-08
0.2     	0.45    	2.2958e-08
0.2     	0.5     	2.3037e-08
0.2     	0.55    	2.3111e-08
0.2     	0.6     	2.3179e-08
0.2     	0.65    	2.3243e-08
0.2     	0.7     	2.3304e-08
0.25    	0       	3.1543e-10
0.25    	0.05    	9.7612e-08
0.25    	0.1     	1.1654e-07
0.25    	0.15    	1.2023e-07
0.25    	0.2     	1.2138e-07
0.25    	0.25    	1.2205e-07
0.25    	0.3     	1.2259e-07
0.25    	0.35    	1.2305e-07
0.25    	0.4     	1.2346e-07
0.25    	0.45    	1.2383e-07
0.25    	0.5     	1.2417e-07
0.25    	0.55    	1.2448e-07
0.25    	0.6     	1.2477e-07
0.25    	0.65    	1.2504e-07
0.25    	0.7     	1.253e-07
0.3     	0       	8.5452e-10
0.3     	0.05    	3.246e-07
0.3     	0.1     	4.1311e-07
0.3     	0.15    	4.3125e-07
0.3     	0.2     	4.3598e-07
0.3     	0.25    	4.3818e-07
0.3     	0.3     	4.3974e-07
0.3     	0.35    	4.4103e-07
0.3     	0.4     	4.4214e-07
0.3     	0.45    	4.4313e-07
0.3     	0.5     	4.4401e-07
0.3     	0.55    	4.4482e-07
0.3     	0.6     	4.4555e-07
0.3     	0.65    	4.4623e-07
0.3     	0.7     	4.4685e-07
0.35    	0       	1.4672e-09
0.35    	0.05    	6.5564e-07
0.35    	0.1     	9.1822e-07
0.35    	0.15    	9.8299e-07
0.35    	0.2     	9.988e-07
0.35    	0.25    	1.0046e-06
0.35    	0.3     	1.0085e-06
0.35    	0.35    	1.0111e-06
0.35    	0.4     	1.0132e-06
0.35    	0.45    	1.015e-06
0.35    	0.5     	1.0166e-06
0.35    	0.55    	1.018e-06
0.35    	0.6     	1.0193e-06
0.35    	0.65    	1.0204e-06
0.35    	0.7     	1.0215e-06
0.4     	0       	1.9946e-09
0.4     	0.05    	9.7466e-07
0.4     	0.1     	1.505e-06
0.4     	0.15    	1.6788e-06
0.4     	0.2     	1.7227e-06
0.4     	0.25    	1.7369e-06
0.4     	0.3     	1.7431e-06
0.4     	0.35    	1.7472e-06
0.4     	0.4     	1.7504e-06
0.4     	0.45    	1.7531e-06
0.4     	0.5     	1.7555e-06
0.4     	0.55    	1.7576e-06
0.4     	0.6     	1.7595e-06
0.4     	0.65    	1.7611e-06
0.4     	0.7     	1.7629e-06
0.45    	0       	2.4262e-09
0.45    	0.05    	1.2354e-06
0.45    	0.1     	2.0602e-06
0.45    	0.15    	2.4201e-06
0.45    	0.2     	2.5287e-06
0.45    	0.25    	2.5583e-06
0.45    	0.3     	2.5705e-06
0.45    	0.35    	2.5769e-06
0.45    	0.4     	2.5815e-06
0.45    	0.45    	2.5852e-06
0.45    	0.5     	2.5883e-06
0.45    	0.55    	2.5911e-06
0.45    	0.6     	2.5935e-06
0.45    	0.65    	2.5959e-06
0.45    	0.7     	2.5979e-06
0.5     	0       	2.7862e-09
0.5     	0.05    	1.4406e-06
0.5     	0.1     	2.5346e-06
0.5     	0.15    	3.1375e-06
0.5     	0.2     	3.3601e-06
0.5     	0.25    	3.4277e-06
0.5     	0.3     	3.4487e-06
0.5     	0.35    	3.4594e-06
0.5     	0.4     	3.4658e-06
0.5     	0.45    	3.4706e-06
0.5     	0.5     	3.4745e-06
0.5     	0.55    	3.4779e-06
0.5     	0.6     	3.4809e-06
0.5     	0.65    	3.4835e-06
0.5     	0.7     	3.4861e-06
0.55    	0       	3.0968e-09
0.55    	0.05    	1.6042e-06
0.55    	0.1     	2.9195e-06
0.55    	0.15    	3.7821e-06
0.55    	0.2     	4.1733e-06
0.55    	0.25    	4.3105e-06
0.55    	0.3     	4.3541e-06
0.55    	0.35    	4.3701e-06
0.55    	0.4     	4.3788e-06
0.55    	0.45    	4.3856e-06
0.55    	0.5     	4.3906e-06
0.55    	0.55    	4.3947e-06
0.55    	0.6     	4.3982e-06
0.55    	0.65    	4.4012e-06
0.55    	0.7     	4.4042e-06
0.6     	0       	3.3727e-09
0.6     	0.05    	1.7378e-06
0.6     	0.1     	3.2283e-06
0.6     	0.15    	4.3282e-06
0.6     	0.2     	4.9262e-06
0.6     	0.25    	5.177e-06
0.6     	0.3     	5.2652e-06
0.6     	0.35    	5.2929e-06
0.6     	0.4     	5.3055e-06
0.6     	0.45    	5.3134e-06
0.6     	0.5     	5.3199e-06
0.6     	0.55    	5.3248e-06
0.6     	0.6     	5.3288e-06
0.6     	0.65    	5.3323e-06
0.6     	0.7     	5.3356e-06
0.65    	0       	3.6232e-09
0.65    	0.05    	1.8494e-06
0.65    	0.1     	3.4787e-06
0.65    	0.15    	4.7741e-06
0.65    	0.2     	5.5587e-06
0.65    	0.25    	5.9928e-06
0.65    	0.3     	6.1577e-06
0.65    	0.35    	6.2115e-06
0.65    	0.4     	6.2317e-06
0.65    	0.45    	6.2423e-06
0.65    	0.5     	6.2495e-06
0.65    	0.55    	6.2556e-06
0.65    	0.6     	6.2603e-06
0.65    	0.65    	6.2642e-06
0.65    	0.7     	6.2676e-06
0.7     	0       	3.8534e-09
0.7     	0.05    	1.9442e-06
0.7     	0.1     	3.6856e-06
0.7     	0.15    	5.1341e-06
0.7     	0.2     	6.1419e-06
0.7     	0.25    	6.7255e-06
0.7     	0.3     	7.0078e-06
0.7     	0.35    	7.1093e-06
0.7     	0.4     	7.1467e-06
0.7     	0.45    	7.1626e-06
0.7     	0.5     	7.1718e-06
0.7     	0.55    	7.1789e-06
0.7     	0.6     	7.1842e-06
0.7     	0.65    	7.1885e-06
0.7     	0.7     	7.1922e-06
