vg      	vd      	ids     
0       	0       	2.9325e-13
0       	0.05    	6.5571e-12
0       	0.1     	7.4946e-12
0       	0.15    	7.6391e-12
0       	0.2     	7.6653e-12
0       	0.25    	7.6734e-12
0       	0.3     	7.6785e-12
0       	0.35    	7.6828e-12
0       	0.4     	7.6868e-12
0       	0.45    	7.6904e-12
0       	0.5     	7.6938e-12
0       	0.55    	7.697e-12
0       	0.6     	7.7001e-12
0       	0.65    	7.7029e-12
0       	0.7     	7.7057e-12
0.05    	0       	1.948e-12
0.05    	0.05    	4.5157e-11
0.05    	0.1     	5.1544e-11
0.05    	0.15    	5.2523e-11
0.05    	0.2     	5.2704e-11
0.05    	0.25    	5.2763e-11
0.05    	0.3     	5.2802e-11
0.05    	0.35    	5.2834e-11
0.05    	0.4     	5.2864e-11
0.05    	0.45    	5.2891e-11
0.05    	0.5     	5.2916e-11
0.05    	0.55    	5.2939e-11
0.05    	0.6     	5.2961e-11
0.05    	0.65    	5.2982e-11
0.05    	0.7     	5.3001e-11
0.1     	0       	1.2928e-11
0.1     	0.05    	3.0901e-10
0.1     	0.1     	3.5315e-10
0.1     	0.15    	3.5986e-10
0.1     	0.2     	3.6113e-10
0.1     	0.25    	3.6156e-10
0.1     	0.3     	3.6185e-10
0.1     	0.35    	3.6209e-10
0.1     	0.4     	3.6231e-10
0.1     	0.45    	3.6251e-10
0.1     	0.5     	3.627e-10
0.1     	0.55    	3.6287e-10
0.1     	0.6     	3.6303e-10
0.1     	0.65    	3.6318e-10
0.1     	0.7     	3.6332e-10
0.15    	0       	8.5222e-11
0.15    	0.05    	2.0836e-09
0.15    	0.1     	2.386e-09
0.15    	0.15    	2.4328e-09
0.15    	0.2     	2.4417e-09
0.15    	0.25    	2.4449e-09
0.15    	0.3     	2.4471e-09
0.15    	0.35    	2.4489e-09
0.15    	0.4     	2.4505e-09
0.15    	0.45    	2.452e-09
0.15    	0.5     	2.4533e-09
0.15    	0.55    	2.4546e-09
0.15    	0.6     	2.4557e-09
0.15    	0.65    	2.4568e-09
0.15    	0.7     	2.4578e-09
0.2     	0       	5.278e-10
0.2     	0.05    	1.3234e-08
0.2     	0.1     	1.5269e-08
0.2     	0.15    	1.5595e-08
0.2     	0.2     	1.5658e-08
0.2     	0.25    	1.5681e-08
0.2     	0.3     	1.5696e-08
0.2     	0.35    	1.5709e-08
0.2     	0.4     	1.5721e-08
0.2     	0.45    	1.5731e-08
0.2     	0.5     	1.574e-08
0.2     	0.55    	1.5749e-08
0.2     	0.6     	1.5757e-08
0.2     	0.65    	1.5764e-08
0.2     	0.7     	1.5771e-08
0.25    	0       	2.8591e-09
0.25    	0.05    	7.6554e-08
0.25    	0.1     	8.9514e-08
0.25    	0.15    	9.1707e-08
0.25    	0.2     	9.2151e-08
0.25    	0.25    	9.231e-08
0.25    	0.3     	9.2411e-08
0.25    	0.35    	9.2493e-08
0.25    	0.4     	9.2564e-08
0.25    	0.45    	9.2628e-08
0.25    	0.5     	9.2686e-08
0.25    	0.55    	9.2739e-08
0.25    	0.6     	9.2787e-08
0.25    	0.65    	9.2831e-08
0.25    	0.7     	9.2872e-08
0.3     	0       	1.0702e-08
0.3     	0.05    	3.4432e-07
0.3     	0.1     	4.188e-07
0.3     	0.15    	4.3269e-07
0.3     	0.2     	4.3554e-07
0.3     	0.25    	4.3646e-07
0.3     	0.3     	4.3699e-07
0.3     	0.35    	4.374e-07
0.3     	0.4     	4.3775e-07
0.3     	0.45    	4.3805e-07
0.3     	0.5     	4.3831e-07
0.3     	0.55    	4.3856e-07
0.3     	0.6     	4.3878e-07
0.3     	0.65    	4.3898e-07
0.3     	0.7     	4.3917e-07
0.35    	0       	2.2597e-08
0.35    	0.05    	9.6367e-07
0.35    	0.1     	1.2837e-06
0.35    	0.15    	1.3583e-06
0.35    	0.2     	1.3744e-06
0.35    	0.25    	1.3787e-06
0.35    	0.3     	1.3807e-06
0.35    	0.35    	1.382e-06
0.35    	0.4     	1.3831e-06
0.35    	0.45    	1.384e-06
0.35    	0.5     	1.3848e-06
0.35    	0.55    	1.3855e-06
0.35    	0.6     	1.3862e-06
0.35    	0.65    	1.3868e-06
0.35    	0.7     	1.3873e-06
0.4     	0       	3.371e-08
0.4     	0.05    	1.7576e-06
0.4     	0.1     	2.6207e-06
0.4     	0.15    	2.9011e-06
0.4     	0.2     	2.9729e-06
0.4     	0.25    	2.9914e-06
0.4     	0.3     	2.9976e-06
0.4     	0.35    	3.0009e-06
0.4     	0.4     	3.0033e-06
0.4     	0.45    	3.0056e-06
0.4     	0.5     	3.0069e-06
0.4     	0.55    	3.0085e-06
0.4     	0.6     	3.0098e-06
0.4     	0.65    	3.0109e-06
0.4     	0.7     	3.0119e-06
0.45    	0       	4.2538e-08
0.45    	0.05    	2.477e-06
0.45    	0.1     	4.0743e-06
0.45    	0.15    	4.8112e-06
0.45    	0.2     	5.0457e-06
0.45    	0.25    	5.1096e-06
0.45    	0.3     	5.1282e-06
0.45    	0.35    	5.1355e-06
0.45    	0.4     	5.1398e-06
0.45    	0.45    	5.1429e-06
0.45    	0.5     	5.1454e-06
0.45    	0.55    	5.1475e-06
0.45    	0.6     	5.1498e-06
0.45    	0.65    	5.1512e-06
0.45    	0.7     	5.153e-06
0.5     	0       	4.9272e-08
0.5     	0.05    	3.1076e-06
0.5     	0.1     	5.3944e-06
0.5     	0.15    	6.7789e-06
0.5     	0.2     	7.3469e-06
0.5     	0.25    	7.532e-06
0.5     	0.3     	7.5886e-06
0.5     	0.35    	7.6086e-06
0.5     	0.4     	7.6157e-06
0.5     	0.45    	7.616e-06
0.5     	0.5     	7.6236e-06
0.5     	0.55    	7.6273e-06
0.5     	0.6     	7.6317e-06
0.5     	0.65    	7.631e-06
0.5     	0.7     	7.6309e-06
0.55    	0       	5.4363e-08
0.55    	0.05    	3.6006e-06
0.55    	0.1     	6.4909e-06
0.55    	0.15    	8.5073e-06
0.55    	0.2     	9.6299e-06
0.55    	0.25    	1.007e-05
0.55    	0.3     	1.022e-05
0.55    	0.35    	1.0264e-05
0.55    	0.4     	1.0283e-05
0.55    	0.45    	1.0286e-05
0.55    	0.5     	1.0293e-05
0.55    	0.55    	1.0298e-05
0.55    	0.6     	1.0302e-05
0.55    	0.65    	1.0312e-05
0.55    	0.7     	1.031e-05
0.6     	0       	5.8412e-08
0.6     	0.05    	3.9671e-06
0.6     	0.1     	7.3298e-06
0.6     	0.15    	9.9116e-06
0.6     	0.2     	1.1647e-05
0.6     	0.25    	1.2506e-05
0.6     	0.3     	1.2854e-05
0.6     	0.35    	1.2986e-05
0.6     	0.4     	1.302e-05
0.6     	0.45    	1.3033e-05
0.6     	0.5     	1.3042e-05
0.6     	0.55    	1.3047e-05
0.6     	0.6     	1.3051e-05
0.6     	0.65    	1.3055e-05
0.6     	0.7     	1.3057e-05
0.65    	0       	6.1601e-08
0.65    	0.05    	4.2404e-06
0.65    	0.1     	7.9527e-06
0.65    	0.15    	1.0966e-05
0.65    	0.2     	1.3247e-05
0.65    	0.25    	1.4593e-05
0.65    	0.3     	1.533e-05
0.65    	0.35    	1.5597e-05
0.65    	0.4     	1.5717e-05
0.65    	0.45    	1.5742e-05
0.65    	0.5     	1.576e-05
0.65    	0.55    	1.5769e-05
0.65    	0.6     	1.5774e-05
0.65    	0.65    	1.5778e-05
0.65    	0.7     	1.5781e-05
0.7     	0       	6.4029e-08
0.7     	0.05    	4.4308e-06
0.7     	0.1     	8.3821e-06
0.7     	0.15    	1.1755e-05
0.7     	0.2     	1.4415e-05
0.7     	0.25    	1.6229e-05
0.7     	0.3     	1.7368e-05
0.7     	0.35    	1.7984e-05
0.7     	0.4     	1.8228e-05
0.7     	0.45    	1.8321e-05
0.7     	0.5     	1.8357e-05
0.7     	0.55    	1.8372e-05
0.7     	0.6     	1.8377e-05
0.7     	0.65    	1.8382e-05
0.7     	0.7     	1.8387e-05
