vg      	vd      	ids     
0       	0       	1.1085e-16
0       	0.05    	6.4077e-14
0       	0.1     	7.3469e-14
0       	0.15    	7.4902e-14
0       	0.2     	7.5175e-14
0       	0.25    	7.5274e-14
0       	0.3     	7.5345e-14
0       	0.35    	7.5408e-14
0       	0.4     	7.5467e-14
0       	0.45    	7.5522e-14
0       	0.5     	7.5575e-14
0       	0.55    	7.5625e-14
0       	0.6     	7.5672e-14
0       	0.65    	7.5718e-14
0       	0.7     	7.5761e-14
0.05    	0       	4.4261e-16
0.05    	0.05    	4.4655e-13
0.05    	0.1     	5.1108e-13
0.05    	0.15    	5.21e-13
0.05    	0.2     	5.2293e-13
0.05    	0.25    	5.2365e-13
0.05    	0.3     	5.2417e-13
0.05    	0.35    	5.2464e-13
0.05    	0.4     	5.2506e-13
0.05    	0.45    	5.2547e-13
0.05    	0.5     	5.2585e-13
0.05    	0.55    	5.2621e-13
0.05    	0.6     	5.2655e-13
0.05    	0.65    	5.2687e-13
0.05    	0.7     	5.2719e-13
0.1     	0       	3.773e-15
0.1     	0.05    	3.0704e-12
0.1     	0.1     	3.5208e-12
0.1     	0.15    	3.5893e-12
0.1     	0.2     	3.6029e-12
0.1     	0.25    	3.6082e-12
0.1     	0.3     	3.612e-12
0.1     	0.35    	3.6153e-12
0.1     	0.4     	3.6184e-12
0.1     	0.45    	3.6213e-12
0.1     	0.5     	3.6241e-12
0.1     	0.55    	3.6267e-12
0.1     	0.6     	3.6291e-12
0.1     	0.65    	3.6314e-12
0.1     	0.7     	3.6336e-12
0.15    	0       	3.7693e-14
0.15    	0.05    	2.1065e-11
0.15    	0.1     	2.4164e-11
0.15    	0.15    	2.4645e-11
0.15    	0.2     	2.4741e-11
0.15    	0.25    	2.4779e-11
0.15    	0.3     	2.4807e-11
0.15    	0.35    	2.4832e-11
0.15    	0.4     	2.4855e-11
0.15    	0.45    	2.4875e-11
0.15    	0.5     	2.4895e-11
0.15    	0.55    	2.4913e-11
0.15    	0.6     	2.4931e-11
0.15    	0.65    	2.4947e-11
0.15    	0.7     	2.4963e-11
0.2     	0       	1.4552e-13
0.2     	0.05    	1.4603e-10
0.2     	0.1     	1.6732e-10
0.2     	0.15    	1.7065e-10
0.2     	0.2     	1.7134e-10
0.2     	0.25    	1.7163e-10
0.2     	0.3     	1.7184e-10
0.2     	0.35    	1.7202e-10
0.2     	0.4     	1.7218e-10
0.2     	0.45    	1.7234e-10
0.2     	0.5     	1.7248e-10
0.2     	0.55    	1.7261e-10
0.2     	0.6     	1.7274e-10
0.2     	0.65    	1.7286e-10
0.2     	0.7     	1.7297e-10
0.25    	0       	1.1804e-12
0.25    	0.05    	9.9594e-10
0.25    	0.1     	1.1439e-09
0.25    	0.15    	1.1671e-09
0.25    	0.2     	1.172e-09
0.25    	0.25    	1.1741e-09
0.25    	0.3     	1.1757e-09
0.25    	0.35    	1.177e-09
0.25    	0.4     	1.1782e-09
0.25    	0.45    	1.1793e-09
0.25    	0.5     	1.1803e-09
0.25    	0.55    	1.1813e-09
0.25    	0.6     	1.1822e-09
0.25    	0.65    	1.183e-09
0.25    	0.7     	1.1838e-09
0.3     	0       	6.0154e-12
0.3     	0.05    	6.6853e-09
0.3     	0.1     	7.6962e-09
0.3     	0.15    	7.8589e-09
0.3     	0.2     	7.8945e-09
0.3     	0.25    	7.91e-09
0.3     	0.3     	7.9212e-09
0.3     	0.35    	7.9308e-09
0.3     	0.4     	7.9394e-09
0.3     	0.45    	7.9472e-09
0.3     	0.5     	7.9543e-09
0.3     	0.55    	7.9609e-09
0.3     	0.6     	7.967e-09
0.3     	0.65    	7.9725e-09
0.3     	0.7     	7.9779e-09
0.35    	0       	2.8272e-11
0.35    	0.05    	4.0322e-08
0.35    	0.1     	4.7209e-08
0.35    	0.15    	4.8338e-08
0.35    	0.2     	4.8586e-08
0.35    	0.25    	4.869e-08
0.35    	0.3     	4.8762e-08
0.35    	0.35    	4.8823e-08
0.35    	0.4     	4.8876e-08
0.35    	0.45    	4.8923e-08
0.35    	0.5     	4.8966e-08
0.35    	0.55    	4.9005e-08
0.35    	0.6     	4.9042e-08
0.35    	0.65    	4.9075e-08
0.35    	0.7     	4.9106e-08
0.4     	0       	1.1272e-10
0.4     	0.05    	1.6673e-07
0.4     	0.1     	2.0847e-07
0.4     	0.15    	2.1617e-07
0.4     	0.2     	2.1775e-07
0.4     	0.25    	2.1834e-07
0.4     	0.3     	2.1866e-07
0.4     	0.35    	2.1891e-07
0.4     	0.4     	2.1913e-07
0.4     	0.45    	2.1932e-07
0.4     	0.5     	2.1948e-07
0.4     	0.55    	2.1964e-07
0.4     	0.6     	2.1977e-07
0.4     	0.65    	2.199e-07
0.4     	0.7     	2.2003e-07
0.45    	0       	2.0927e-10
0.45    	0.05    	3.6355e-07
0.45    	0.1     	5.3536e-07
0.45    	0.15    	5.8261e-07
0.45    	0.2     	5.9221e-07
0.45    	0.25    	5.9459e-07
0.45    	0.3     	5.956e-07
0.45    	0.35    	5.9633e-07
0.45    	0.4     	5.9684e-07
0.45    	0.45    	5.9727e-07
0.45    	0.5     	5.9765e-07
0.45    	0.55    	5.9798e-07
0.45    	0.6     	5.9831e-07
0.45    	0.65    	5.9859e-07
0.45    	0.7     	5.9884e-07
0.5     	0       	2.6461e-10
0.5     	0.05    	5.0022e-07
0.5     	0.1     	8.569e-07
0.5     	0.15    	1.0344e-06
0.5     	0.2     	1.0916e-06
0.5     	0.25    	1.1042e-06
0.5     	0.3     	1.1077e-06
0.5     	0.35    	1.1093e-06
0.5     	0.4     	1.1103e-06
0.5     	0.45    	1.111e-06
0.5     	0.5     	1.1117e-06
0.5     	0.55    	1.1122e-06
0.5     	0.6     	1.1126e-06
0.5     	0.65    	1.1131e-06
0.5     	0.7     	1.1135e-06
0.55    	0       	2.7631e-10
0.55    	0.05    	5.5985e-07
0.55    	0.1     	1.0414e-06
0.55    	0.15    	1.3729e-06
0.55    	0.2     	1.5565e-06
0.55    	0.25    	1.6234e-06
0.55    	0.3     	1.6411e-06
0.55    	0.35    	1.646e-06
0.55    	0.4     	1.6482e-06
0.55    	0.45    	1.6493e-06
0.55    	0.5     	1.6502e-06
0.55    	0.55    	1.6509e-06
0.55    	0.6     	1.6515e-06
0.55    	0.65    	1.652e-06
0.55    	0.7     	1.6525e-06
0.6     	0       	2.8008e-10
0.6     	0.05    	5.6322e-07
0.6     	0.1     	1.0887e-06
0.6     	0.15    	1.5192e-06
0.6     	0.2     	1.8237e-06
0.6     	0.25    	2.0037e-06
0.6     	0.3     	2.0847e-06
0.6     	0.35    	2.112e-06
0.6     	0.4     	2.1202e-06
0.6     	0.45    	2.1232e-06
0.6     	0.5     	2.1249e-06
0.6     	0.55    	2.1259e-06
0.6     	0.6     	2.1266e-06
0.6     	0.65    	2.1273e-06
0.6     	0.7     	2.1278e-06
0.65    	0       	2.6442e-10
0.65    	0.05    	5.6272e-07
0.65    	0.1     	1.0901e-06
0.65    	0.15    	1.5425e-06
0.65    	0.2     	1.9135e-06
0.65    	0.25    	2.1531e-06
0.65    	0.3     	2.3234e-06
0.65    	0.35    	2.4127e-06
0.65    	0.4     	2.4487e-06
0.65    	0.45    	2.4615e-06
0.65    	0.5     	2.4664e-06
0.65    	0.55    	2.4686e-06
0.65    	0.6     	2.4699e-06
0.65    	0.65    	2.4708e-06
0.65    	0.7     	2.4714e-06
0.7     	0       	2.5587e-10
0.7     	0.05    	5.63e-07
0.7     	0.1     	1.0904e-06
0.7     	0.15    	1.5477e-06
0.7     	0.2     	1.9264e-06
0.7     	0.25    	2.2025e-06
0.7     	0.3     	2.4177e-06
0.7     	0.35    	2.5591e-06
0.7     	0.4     	2.6422e-06
0.7     	0.45    	2.6827e-06
0.7     	0.5     	2.7003e-06
0.7     	0.55    	2.7072e-06
0.7     	0.6     	2.7101e-06
0.7     	0.65    	2.7116e-06
0.7     	0.7     	2.7125e-06
