vg      	vd      	ids     
0       	0       	2.2935e-15
0       	0.05    	4.281e-14
0       	0.1     	4.9111e-14
0       	0.15    	5.0278e-14
0       	0.2     	5.0672e-14
0       	0.25    	5.0941e-14
0       	0.3     	5.1184e-14
0       	0.35    	5.1414e-14
0       	0.4     	5.1634e-14
0       	0.45    	5.1843e-14
0       	0.5     	5.2042e-14
0       	0.55    	5.2234e-14
0       	0.6     	5.2417e-14
0       	0.65    	5.2594e-14
0       	0.7     	5.2765e-14
0.05    	0       	1.3228e-14
0.05    	0.05    	2.8788e-13
0.05    	0.1     	3.3034e-13
0.05    	0.15    	3.3823e-13
0.05    	0.2     	3.4092e-13
0.05    	0.25    	3.4277e-13
0.05    	0.3     	3.4444e-13
0.05    	0.35    	3.4601e-13
0.05    	0.4     	3.4751e-13
0.05    	0.45    	3.4893e-13
0.05    	0.5     	3.5027e-13
0.05    	0.55    	3.5156e-13
0.05    	0.6     	3.5278e-13
0.05    	0.65    	3.5395e-13
0.05    	0.7     	3.5507e-13
0.1     	0       	7.7215e-14
0.1     	0.05    	1.9487e-12
0.1     	0.1     	2.2371e-12
0.1     	0.15    	2.2907e-12
0.1     	0.2     	2.3093e-12
0.1     	0.25    	2.322e-12
0.1     	0.3     	2.3334e-12
0.1     	0.35    	2.3441e-12
0.1     	0.4     	2.3543e-12
0.1     	0.45    	2.364e-12
0.1     	0.5     	2.3731e-12
0.1     	0.55    	2.3817e-12
0.1     	0.6     	2.3899e-12
0.1     	0.65    	2.3976e-12
0.1     	0.7     	2.405e-12
0.15    	0       	4.9e-13 
0.15    	0.05    	1.3143e-11
0.15    	0.1     	1.5111e-11
0.15    	0.15    	1.5479e-11
0.15    	0.2     	1.5607e-11
0.15    	0.25    	1.5695e-11
0.15    	0.3     	1.5772e-11
0.15    	0.35    	1.5845e-11
0.15    	0.4     	1.5913e-11
0.15    	0.45    	1.5978e-11
0.15    	0.5     	1.6039e-11
0.15    	0.55    	1.6096e-11
0.15    	0.6     	1.615e-11
0.15    	0.65    	1.6202e-11
0.15    	0.7     	1.625e-11
0.2     	0       	3.184e-12
0.2     	0.05    	8.861e-11
0.2     	0.1     	1.0195e-10
0.2     	0.15    	1.0448e-10
0.2     	0.2     	1.0537e-10
0.2     	0.25    	1.0597e-10
0.2     	0.3     	1.065e-10
0.2     	0.35    	1.0698e-10
0.2     	0.4     	1.0744e-10
0.2     	0.45    	1.0787e-10
0.2     	0.5     	1.0827e-10
0.2     	0.55    	1.0865e-10
0.2     	0.6     	1.0901e-10
0.2     	0.65    	1.0935e-10
0.2     	0.7     	1.0967e-10
0.25    	0       	2.2241e-11
0.25    	0.05    	5.7638e-10
0.25    	0.1     	6.6648e-10
0.25    	0.15    	6.8362e-10
0.25    	0.2     	6.8965e-10
0.25    	0.25    	6.9369e-10
0.25    	0.3     	6.9715e-10
0.25    	0.35    	7.003e-10
0.25    	0.4     	7.032e-10
0.25    	0.45    	7.0592e-10
0.25    	0.5     	7.0848e-10
0.25    	0.55    	7.109e-10
0.25    	0.6     	7.1317e-10
0.25    	0.65    	7.1532e-10
0.25    	0.7     	7.1736e-10
0.3     	0       	1.4596e-10
0.3     	0.05    	3.6542e-09
0.3     	0.1     	4.2391e-09
0.3     	0.15    	4.3538e-09
0.3     	0.2     	4.3932e-09
0.3     	0.25    	4.4192e-09
0.3     	0.3     	4.441e-09
0.3     	0.35    	4.4605e-09
0.3     	0.4     	4.4784e-09
0.3     	0.45    	4.4949e-09
0.3     	0.5     	4.5105e-09
0.3     	0.55    	4.5251e-09
0.3     	0.6     	4.539e-09
0.3     	0.65    	4.5522e-09
0.3     	0.7     	4.5647e-09
0.35    	0       	8.4486e-10
0.35    	0.05    	2.1799e-08
0.35    	0.1     	2.5507e-08
0.35    	0.15    	2.6233e-08
0.35    	0.2     	2.6472e-08
0.35    	0.25    	2.6621e-08
0.35    	0.3     	2.6745e-08
0.35    	0.35    	2.6854e-08
0.35    	0.4     	2.6953e-08
0.35    	0.45    	2.7044e-08
0.35    	0.5     	2.7128e-08
0.35    	0.55    	2.7208e-08
0.35    	0.6     	2.7283e-08
0.35    	0.65    	2.7355e-08
0.35    	0.7     	2.7423e-08
0.4     	0       	3.599e-09
0.4     	0.05    	1.0628e-07
0.4     	0.1     	1.2804e-07
0.4     	0.15    	1.3234e-07
0.4     	0.2     	1.3356e-07
0.4     	0.25    	1.3421e-07
0.4     	0.3     	1.3471e-07
0.4     	0.35    	1.3515e-07
0.4     	0.4     	1.3554e-07
0.4     	0.45    	1.3589e-07
0.4     	0.5     	1.3621e-07
0.4     	0.55    	1.3651e-07
0.4     	0.6     	1.3679e-07
0.4     	0.65    	1.3705e-07
0.4     	0.7     	1.373e-07
0.45    	0       	8.8065e-09
0.45    	0.05    	3.2714e-07
0.45    	0.1     	4.2569e-07
0.45    	0.15    	4.4713e-07
0.45    	0.2     	4.5223e-07
0.45    	0.25    	4.5422e-07
0.45    	0.3     	4.5551e-07
0.45    	0.35    	4.5657e-07
0.45    	0.4     	4.5748e-07
0.45    	0.45    	4.5829e-07
0.45    	0.5     	4.5902e-07
0.45    	0.55    	4.5968e-07
0.45    	0.6     	4.6029e-07
0.45    	0.65    	4.6086e-07
0.45    	0.7     	4.6139e-07
0.5     	0       	1.4121e-08
0.5     	0.05    	6.2481e-07
0.5     	0.1     	9.0766e-07
0.5     	0.15    	9.8778e-07
0.5     	0.2     	1.0066e-06
0.5     	0.25    	1.0122e-06
0.5     	0.3     	1.0149e-06
0.5     	0.35    	1.0168e-06
0.5     	0.4     	1.0184e-06
0.5     	0.45    	1.0198e-06
0.5     	0.5     	1.021e-06
0.5     	0.55    	1.0221e-06
0.5     	0.6     	1.023e-06
0.5     	0.65    	1.0239e-06
0.5     	0.7     	1.0248e-06
0.55    	0       	1.8404e-08
0.55    	0.05    	8.9859e-07
0.55    	0.1     	1.4397e-06
0.55    	0.15    	1.6534e-06
0.55    	0.2     	1.7121e-06
0.55    	0.25    	1.7279e-06
0.55    	0.3     	1.7336e-06
0.55    	0.35    	1.7369e-06
0.55    	0.4     	1.7393e-06
0.55    	0.45    	1.7414e-06
0.55    	0.5     	1.7431e-06
0.55    	0.55    	1.7446e-06
0.55    	0.6     	1.746e-06
0.55    	0.65    	1.7472e-06
0.55    	0.7     	1.7484e-06
0.6     	0       	2.2039e-08
0.6     	0.05    	1.1225e-06
0.6     	0.1     	1.9212e-06
0.6     	0.15    	2.3418e-06
0.6     	0.2     	2.4894e-06
0.6     	0.25    	2.5316e-06
0.6     	0.3     	2.5449e-06
0.6     	0.35    	2.5506e-06
0.6     	0.4     	2.5547e-06
0.6     	0.45    	2.5575e-06
0.6     	0.5     	2.5598e-06
0.6     	0.55    	2.5617e-06
0.6     	0.6     	2.5635e-06
0.6     	0.65    	2.565e-06
0.6     	0.7     	2.5664e-06
0.65    	0       	2.4653e-08
0.65    	0.05    	1.3028e-06
0.65    	0.1     	2.3219e-06
0.65    	0.15    	2.9775e-06
0.65    	0.2     	3.2755e-06
0.65    	0.25    	3.3758e-06
0.65    	0.3     	3.4082e-06
0.65    	0.35    	3.4193e-06
0.65    	0.4     	3.4248e-06
0.65    	0.45    	3.4285e-06
0.65    	0.5     	3.4314e-06
0.65    	0.55    	3.4338e-06
0.65    	0.6     	3.4362e-06
0.65    	0.65    	3.4381e-06
0.65    	0.7     	3.4398e-06
0.7     	0       	2.6809e-08
0.7     	0.05    	1.449e-06
0.7     	0.1     	2.6479e-06
0.7     	0.15    	3.5212e-06
0.7     	0.2     	4.0146e-06
0.7     	0.25    	4.2184e-06
0.7     	0.3     	4.2905e-06
0.7     	0.35    	4.3138e-06
0.7     	0.4     	4.324e-06
0.7     	0.45    	4.3293e-06
0.7     	0.5     	4.3329e-06
0.7     	0.55    	4.3358e-06
0.7     	0.6     	4.3383e-06
0.7     	0.65    	4.3405e-06
0.7     	0.7     	4.3424e-06
