vg      	vd      	ids     
0       	0       	2.4388e-14
0       	0.05    	2.2343e-12
0       	0.1     	2.6727e-12
0       	0.15    	2.8414e-12
0       	0.2     	2.9682e-12
0       	0.25    	3.0868e-12
0       	0.3     	3.2009e-12
0       	0.35    	3.308e-12
0       	0.4     	3.4044e-12
0       	0.45    	3.4906e-12
0       	0.5     	3.571e-12
0       	0.55    	3.6484e-12
0       	0.6     	3.7238e-12
0       	0.65    	3.7978e-12
0       	0.7     	3.8706e-12
0.05    	0       	1.4689e-13
0.05    	0.05    	1.4024e-11
0.05    	0.1     	1.6797e-11
0.05    	0.15    	1.7888e-11
0.05    	0.2     	1.8712e-11
0.05    	0.25    	1.9469e-11
0.05    	0.3     	2.0163e-11
0.05    	0.35    	2.0774e-11
0.05    	0.4     	2.1316e-11
0.05    	0.45    	2.1824e-11
0.05    	0.5     	2.2316e-11
0.05    	0.55    	2.2798e-11
0.05    	0.6     	2.3275e-11
0.05    	0.65    	2.3746e-11
0.05    	0.7     	2.4212e-11
0.1     	0       	1.0868e-12
0.1     	0.05    	8.5666e-11
0.1     	0.1     	1.0309e-10
0.1     	0.15    	1.0996e-10
0.1     	0.2     	1.1509e-10
0.1     	0.25    	1.196e-10
0.1     	0.3     	1.2348e-10
0.1     	0.35    	1.2688e-10
0.1     	0.4     	1.3005e-10
0.1     	0.45    	1.3311e-10
0.1     	0.5     	1.3612e-10
0.1     	0.55    	1.3909e-10
0.1     	0.6     	1.4204e-10
0.1     	0.65    	1.4497e-10
0.1     	0.7     	1.4788e-10
0.15    	0       	7.5254e-12
0.15    	0.05    	5.1355e-10
0.15    	0.1     	6.2006e-10
0.15    	0.15    	6.6221e-10
0.15    	0.2     	6.9209e-10
0.15    	0.25    	7.1657e-10
0.15    	0.3     	7.379e-10
0.15    	0.35    	7.5773e-10
0.15    	0.4     	7.7673e-10
0.15    	0.45    	7.9523e-10
0.15    	0.5     	8.1342e-10
0.15    	0.55    	8.3144e-10
0.15    	0.6     	8.4935e-10
0.15    	0.65    	8.6718e-10
0.15    	0.7     	8.8491e-10
0.2     	0       	4.5724e-11
0.2     	0.05    	3.0251e-09
0.2     	0.1     	3.6627e-09
0.2     	0.15    	3.9061e-09
0.2     	0.2     	4.0635e-09
0.2     	0.25    	4.1942e-09
0.2     	0.3     	4.3158e-09
0.2     	0.35    	4.4327e-09
0.2     	0.4     	4.5461e-09
0.2     	0.45    	4.6566e-09
0.2     	0.5     	4.765e-09
0.2     	0.55    	4.8719e-09
0.2     	0.6     	4.9779e-09
0.2     	0.65    	5.0834e-09
0.2     	0.7     	5.1882e-09
0.25    	0       	2.5036e-10
0.25    	0.05    	1.6944e-08
0.25    	0.1     	2.0596e-08
0.25    	0.15    	2.1851e-08
0.25    	0.2     	2.2645e-08
0.25    	0.25    	2.334e-08
0.25    	0.3     	2.4006e-08
0.25    	0.35    	2.4653e-08
0.25    	0.4     	2.5283e-08
0.25    	0.45    	2.5896e-08
0.25    	0.5     	2.6492e-08
0.25    	0.55    	2.7072e-08
0.25    	0.6     	2.7638e-08
0.25    	0.65    	2.819e-08
0.25    	0.7     	2.8724e-08
0.3     	0       	1.0856e-09
0.3     	0.05    	8.1594e-08
0.3     	0.1     	1.0031e-07
0.3     	0.15    	1.0624e-07
0.3     	0.2     	1.0981e-07
0.3     	0.25    	1.1286e-07
0.3     	0.3     	1.1569e-07
0.3     	0.35    	1.1835e-07
0.3     	0.4     	1.208e-07
0.3     	0.45    	1.2299e-07
0.3     	0.5     	1.2495e-07
0.3     	0.55    	1.2673e-07
0.3     	0.6     	1.2838e-07
0.3     	0.65    	1.2995e-07
0.3     	0.7     	1.3147e-07
0.35    	0       	3.0956e-09
0.35    	0.05    	2.7519e-07
0.35    	0.1     	3.5225e-07
0.35    	0.15    	3.738e-07
0.35    	0.2     	3.8358e-07
0.35    	0.25    	3.904e-07
0.35    	0.3     	3.9615e-07
0.35    	0.35    	4.0134e-07
0.35    	0.4     	4.0618e-07
0.35    	0.45    	4.1073e-07
0.35    	0.5     	4.1505e-07
0.35    	0.55    	4.1915e-07
0.35    	0.6     	4.2306e-07
0.35    	0.65    	4.2682e-07
0.35    	0.7     	4.3044e-07
0.4     	0       	5.7211e-09
0.4     	0.05    	5.9999e-07
0.4     	0.1     	8.2034e-07
0.4     	0.15    	8.7838e-07
0.4     	0.2     	8.9801e-07
0.4     	0.25    	9.0932e-07
0.4     	0.3     	9.183e-07
0.4     	0.35    	9.2626e-07
0.4     	0.4     	9.3354e-07
0.4     	0.45    	9.4025e-07
0.4     	0.5     	9.4643e-07
0.4     	0.55    	9.5213e-07
0.4     	0.6     	9.5738e-07
0.4     	0.65    	9.6225e-07
0.4     	0.7     	9.6681e-07
0.45    	0       	8.1637e-09
0.45    	0.05    	9.5859e-07
0.45    	0.1     	1.4169e-06
0.45    	0.15    	1.5505e-06
0.45    	0.2     	1.5888e-06
0.45    	0.25    	1.6058e-06
0.45    	0.3     	1.6173e-06
0.45    	0.35    	1.6268e-06
0.45    	0.4     	1.6351e-06
0.45    	0.45    	1.6427e-06
0.45    	0.5     	1.6497e-06
0.45    	0.55    	1.6561e-06
0.45    	0.6     	1.6621e-06
0.45    	0.65    	1.6677e-06
0.45    	0.7     	1.6737e-06
0.5     	0       	1.0177e-08
0.5     	0.05    	1.2857e-06
0.5     	0.1     	2.0423e-06
0.5     	0.15    	2.3078e-06
0.5     	0.2     	2.3843e-06
0.5     	0.25    	2.4101e-06
0.5     	0.3     	2.4248e-06
0.5     	0.35    	2.4357e-06
0.5     	0.4     	2.4451e-06
0.5     	0.45    	2.4535e-06
0.5     	0.5     	2.4612e-06
0.5     	0.55    	2.4682e-06
0.5     	0.6     	2.4748e-06
0.5     	0.65    	2.4809e-06
0.5     	0.7     	2.4866e-06
0.55    	0       	1.1823e-08
0.55    	0.05    	1.5858e-06
0.55    	0.1     	2.6356e-06
0.55    	0.15    	3.0955e-06
0.55    	0.2     	3.2338e-06
0.55    	0.25    	3.2789e-06
0.55    	0.3     	3.303e-06
0.55    	0.35    	3.3103e-06
0.55    	0.4     	3.3213e-06
0.55    	0.45    	3.3292e-06
0.55    	0.5     	3.3381e-06
0.55    	0.55    	3.3498e-06
0.55    	0.6     	3.3532e-06
0.55    	0.65    	3.3589e-06
0.55    	0.7     	3.3647e-06
0.6     	0       	1.3186e-08
0.6     	0.05    	1.8316e-06
0.6     	0.1     	3.1694e-06
0.6     	0.15    	3.8742e-06
0.6     	0.2     	4.1088e-06
0.6     	0.25    	4.1904e-06
0.6     	0.3     	4.2175e-06
0.6     	0.35    	4.227e-06
0.6     	0.4     	4.2377e-06
0.6     	0.45    	4.2507e-06
0.6     	0.5     	4.2612e-06
0.6     	0.55    	4.2648e-06
0.6     	0.6     	4.274e-06
0.6     	0.65    	4.2818e-06
0.6     	0.7     	4.2878e-06
0.65    	0       	1.4329e-08
0.65    	0.05    	2.0434e-06
0.65    	0.1     	3.6401e-06
0.65    	0.15    	4.6025e-06
0.65    	0.2     	4.9903e-06
0.65    	0.25    	5.1176e-06
0.65    	0.3     	5.1571e-06
0.65    	0.35    	5.1759e-06
0.65    	0.4     	5.185e-06
0.65    	0.45    	5.1928e-06
0.65    	0.5     	5.2043e-06
0.65    	0.55    	5.2127e-06
0.65    	0.6     	5.2229e-06
0.65    	0.65    	5.2275e-06
0.65    	0.7     	5.2333e-06
0.7     	0       	1.5298e-08
0.7     	0.05    	2.226e-06
0.7     	0.1     	4.0446e-06
0.7     	0.15    	5.2649e-06
0.7     	0.2     	5.8453e-06
0.7     	0.25    	6.0494e-06
0.7     	0.3     	6.1132e-06
0.7     	0.35    	6.1365e-06
0.7     	0.4     	6.1524e-06
0.7     	0.45    	6.1608e-06
0.7     	0.5     	6.1669e-06
0.7     	0.55    	6.1794e-06
0.7     	0.6     	6.1822e-06
0.7     	0.65    	6.1924e-06
0.7     	0.7     	6.1937e-06
