vg      	vd      	ids     
0       	0       	5.4628e-15
0       	0.05    	1.6418e-12
0       	0.1     	1.8836e-12
0       	0.15    	1.9199e-12
0       	0.2     	1.9267e-12
0       	0.25    	1.9291e-12
0       	0.3     	1.9308e-12
0       	0.35    	1.9322e-12
0       	0.4     	1.9335e-12
0       	0.45    	1.9348e-12
0       	0.5     	1.9359e-12
0       	0.55    	1.937e-12
0       	0.6     	1.938e-12
0       	0.65    	1.939e-12
0       	0.7     	1.9399e-12
0.05    	0       	3.068e-14
0.05    	0.05    	1.1206e-11
0.05    	0.1     	1.2866e-11
0.05    	0.15    	1.3121e-11
0.05    	0.2     	1.3169e-11
0.05    	0.25    	1.3187e-11
0.05    	0.3     	1.3199e-11
0.05    	0.35    	1.321e-11
0.05    	0.4     	1.3219e-11
0.05    	0.45    	1.3228e-11
0.05    	0.5     	1.3237e-11
0.05    	0.55    	1.3245e-11
0.05    	0.6     	1.3252e-11
0.05    	0.65    	1.3259e-11
0.05    	0.7     	1.3265e-11
0.1     	0       	9.2668e-14
0.1     	0.05    	7.6219e-11
0.1     	0.1     	8.7568e-11
0.1     	0.15    	8.9329e-11
0.1     	0.2     	8.9675e-11
0.1     	0.25    	8.9805e-11
0.1     	0.3     	8.9896e-11
0.1     	0.35    	8.9975e-11
0.1     	0.4     	9.0046e-11
0.1     	0.45    	9.0111e-11
0.1     	0.5     	9.0172e-11
0.1     	0.55    	9.0229e-11
0.1     	0.6     	9.0283e-11
0.1     	0.65    	9.0333e-11
0.1     	0.7     	9.038e-11
0.15    	0       	-5.6057e-12
0.15    	0.05    	5.142e-10
0.15    	0.1     	5.9164e-10
0.15    	0.15    	6.0379e-10
0.15    	0.2     	6.0625e-10
0.15    	0.25    	6.0721e-10
0.15    	0.3     	6.0789e-10
0.15    	0.35    	6.0848e-10
0.15    	0.4     	6.09e-10
0.15    	0.45    	6.0948e-10
0.15    	0.5     	6.0992e-10
0.15    	0.55    	6.1033e-10
0.15    	0.6     	6.1072e-10
0.15    	0.65    	6.1108e-10
0.15    	0.7     	6.1141e-10
0.2     	0       	-4.6417e-12
0.2     	0.05    	3.4596e-09
0.2     	0.1     	3.9898e-09
0.2     	0.15    	4.0736e-09
0.2     	0.2     	4.0913e-09
0.2     	0.25    	4.0984e-09
0.2     	0.3     	4.1035e-09
0.2     	0.35    	4.1079e-09
0.2     	0.4     	4.1118e-09
0.2     	0.45    	4.1153e-09
0.2     	0.5     	4.1185e-09
0.2     	0.55    	4.1215e-09
0.2     	0.6     	4.1242e-09
0.2     	0.65    	4.1268e-09
0.2     	0.7     	4.1292e-09
0.25    	0       	-2.9711e-11
0.25    	0.05    	2.1925e-08
0.25    	0.1     	2.5468e-08
0.25    	0.15    	2.6048e-08
0.25    	0.2     	2.6173e-08
0.25    	0.25    	2.6224e-08
0.25    	0.3     	2.626e-08
0.25    	0.35    	2.6291e-08
0.25    	0.4     	2.6318e-08
0.25    	0.45    	2.6342e-08
0.25    	0.5     	2.6364e-08
0.25    	0.55    	2.6384e-08
0.25    	0.6     	2.6403e-08
0.25    	0.65    	2.642e-08
0.25    	0.7     	2.6436e-08
0.3     	0       	-1.2175e-10
0.3     	0.05    	1.1404e-07
0.3     	0.1     	1.3666e-07
0.3     	0.15    	1.406e-07
0.3     	0.2     	1.4144e-07
0.3     	0.25    	1.4176e-07
0.3     	0.3     	1.4197e-07
0.3     	0.35    	1.4214e-07
0.3     	0.4     	1.4229e-07
0.3     	0.45    	1.4242e-07
0.3     	0.5     	1.4254e-07
0.3     	0.55    	1.4265e-07
0.3     	0.6     	1.4275e-07
0.3     	0.65    	1.4284e-07
0.3     	0.7     	1.4292e-07
0.35    	0       	-3.1462e-10
0.35    	0.05    	3.6802e-07
0.35    	0.1     	4.8332e-07
0.35    	0.15    	5.0737e-07
0.35    	0.2     	5.1231e-07
0.35    	0.25    	5.1381e-07
0.35    	0.3     	5.1462e-07
0.35    	0.35    	5.1522e-07
0.35    	0.4     	5.1573e-07
0.35    	0.45    	5.1618e-07
0.35    	0.5     	5.1657e-07
0.35    	0.55    	5.1693e-07
0.35    	0.6     	5.1725e-07
0.35    	0.65    	5.1754e-07
0.35    	0.7     	5.1781e-07
0.4     	0       	-4.957e-10
0.4     	0.05    	6.954e-07
0.4     	0.1     	1.0525e-06
0.4     	0.15    	1.1632e-06
0.4     	0.2     	1.1887e-06
0.4     	0.25    	1.195e-06
0.4     	0.3     	1.1974e-06
0.4     	0.35    	1.1988e-06
0.4     	0.4     	1.2e-06 
0.4     	0.45    	1.2009e-06
0.4     	0.5     	1.2017e-06
0.4     	0.55    	1.2025e-06
0.4     	0.6     	1.2032e-06
0.4     	0.65    	1.2038e-06
0.4     	0.7     	1.2043e-06
0.45    	0       	-6.0169e-10
0.45    	0.05    	9.5968e-07
0.45    	0.1     	1.6267e-06
0.45    	0.15    	1.9488e-06
0.45    	0.2     	2.0513e-06
0.45    	0.25    	2.0791e-06
0.45    	0.3     	2.0867e-06
0.45    	0.35    	2.0898e-06
0.45    	0.4     	2.0918e-06
0.45    	0.45    	2.0936e-06
0.45    	0.5     	2.0949e-06
0.45    	0.55    	2.096e-06
0.45    	0.6     	2.0969e-06
0.45    	0.65    	2.0978e-06
0.45    	0.7     	2.0986e-06
0.5     	0       	-6.4697e-10
0.5     	0.05    	1.1481e-06
0.5     	0.1     	2.0681e-06
0.5     	0.15    	2.668e-06
0.5     	0.2     	2.9522e-06
0.5     	0.25    	3.0461e-06
0.5     	0.3     	3.0744e-06
0.5     	0.35    	3.0828e-06
0.5     	0.4     	3.0866e-06
0.5     	0.45    	3.0892e-06
0.5     	0.5     	3.091e-06
0.5     	0.55    	3.0925e-06
0.5     	0.6     	3.094e-06
0.5     	0.65    	3.0951e-06
0.5     	0.7     	3.0961e-06
0.55    	0       	-6.62e-10
0.55    	0.05    	1.282e-06
0.55    	0.1     	2.3793e-06
0.55    	0.15    	3.213e-06
0.55    	0.2     	3.7361e-06
0.55    	0.25    	3.9839e-06
0.55    	0.3     	4.0725e-06
0.55    	0.35    	4.0992e-06
0.55    	0.4     	4.1089e-06
0.55    	0.45    	4.113e-06
0.55    	0.5     	4.1156e-06
0.55    	0.55    	4.1177e-06
0.55    	0.6     	4.1193e-06
0.55    	0.65    	4.1207e-06
0.55    	0.7     	4.122e-06
0.6     	0       	-6.7539e-10
0.6     	0.05    	1.3752e-06
0.6     	0.1     	2.5979e-06
0.6     	0.15    	3.5916e-06
0.6     	0.2     	4.3188e-06
0.6     	0.25    	4.7646e-06
0.6     	0.3     	4.9828e-06
0.6     	0.35    	5.0673e-06
0.6     	0.4     	5.0959e-06
0.6     	0.45    	5.1062e-06
0.6     	0.5     	5.1106e-06
0.6     	0.55    	5.1133e-06
0.6     	0.6     	5.1155e-06
0.6     	0.65    	5.1171e-06
0.6     	0.7     	5.1185e-06
0.65    	0       	-6.8552e-10
0.65    	0.05    	1.3875e-06
0.65    	0.1     	2.7112e-06
0.65    	0.15    	3.8264e-06
0.65    	0.2     	4.7069e-06
0.65    	0.25    	5.3216e-06
0.65    	0.3     	5.7111e-06
0.65    	0.35    	5.9037e-06
0.65    	0.4     	5.9867e-06
0.65    	0.45    	6.0149e-06
0.65    	0.5     	6.0262e-06
0.65    	0.55    	6.0314e-06
0.65    	0.6     	6.0343e-06
0.65    	0.65    	6.0362e-06
0.65    	0.7     	6.0379e-06
0.7     	0       	-7.1999e-10
0.7     	0.05    	1.3894e-06
0.7     	0.1     	2.7029e-06
0.7     	0.15    	3.9092e-06
0.7     	0.2     	4.8919e-06
0.7     	0.25    	5.6269e-06
0.7     	0.3     	6.1468e-06
0.7     	0.35    	6.4968e-06
0.7     	0.4     	6.6875e-06
0.7     	0.45    	6.7739e-06
0.7     	0.5     	6.8072e-06
0.7     	0.55    	6.8207e-06
0.7     	0.6     	6.8265e-06
0.7     	0.65    	6.8299e-06
0.7     	0.7     	6.8321e-06
