vg      	vd      	ids     
0       	0       	2.5775e-16
0       	0.05    	5.1418e-14
0       	0.1     	5.8888e-14
0       	0.15    	6.0003e-14
0       	0.2     	6.0192e-14
0       	0.25    	6.0247e-14
0       	0.3     	6.028e-14
0       	0.35    	6.0308e-14
0       	0.4     	6.0334e-14
0       	0.45    	6.0359e-14
0       	0.5     	6.0382e-14
0       	0.55    	6.0404e-14
0       	0.6     	6.0425e-14
0       	0.65    	6.0445e-14
0       	0.7     	6.0463e-14
0.05    	0       	1.9056e-15
0.05    	0.05    	3.5439e-13
0.05    	0.1     	4.0594e-13
0.05    	0.15    	4.1365e-13
0.05    	0.2     	4.1499e-13
0.05    	0.25    	4.1538e-13
0.05    	0.3     	4.1563e-13
0.05    	0.35    	4.1584e-13
0.05    	0.4     	4.1603e-13
0.05    	0.45    	4.1621e-13
0.05    	0.5     	4.1638e-13
0.05    	0.55    	4.1654e-13
0.05    	0.6     	4.1669e-13
0.05    	0.65    	4.1683e-13
0.05    	0.7     	4.1697e-13
0.1     	0       	1.584e-14
0.1     	0.05    	2.434e-12
0.1     	0.1     	2.7893e-12
0.1     	0.15    	2.8427e-12
0.1     	0.2     	2.8521e-12
0.1     	0.25    	2.855e-12
0.1     	0.3     	2.8568e-12
0.1     	0.35    	2.8584e-12
0.1     	0.4     	2.8598e-12
0.1     	0.45    	2.8611e-12
0.1     	0.5     	2.8624e-12
0.1     	0.55    	2.8635e-12
0.1     	0.6     	2.8646e-12
0.1     	0.65    	2.8657e-12
0.1     	0.7     	2.8667e-12
0.15    	0       	8.5427e-14
0.15    	0.05    	1.6991e-11
0.15    	0.1     	1.943e-11
0.15    	0.15    	1.98e-11
0.15    	0.2     	1.9866e-11
0.15    	0.25    	1.9888e-11
0.15    	0.3     	1.9902e-11
0.15    	0.35    	1.9913e-11
0.15    	0.4     	1.9924e-11
0.15    	0.45    	1.9934e-11
0.15    	0.5     	1.9943e-11
0.15    	0.55    	1.9952e-11
0.15    	0.6     	1.996e-11
0.15    	0.65    	1.9967e-11
0.15    	0.7     	1.9975e-11
0.2     	0       	5.9638e-13
0.2     	0.05    	1.1644e-10
0.2     	0.1     	1.3351e-10
0.2     	0.15    	1.3606e-10
0.2     	0.2     	1.3654e-10
0.2     	0.25    	1.3669e-10
0.2     	0.3     	1.368e-10
0.2     	0.35    	1.3689e-10
0.2     	0.4     	1.3697e-10
0.2     	0.45    	1.3704e-10
0.2     	0.5     	1.3711e-10
0.2     	0.55    	1.3717e-10
0.2     	0.6     	1.3723e-10
0.2     	0.65    	1.3728e-10
0.2     	0.7     	1.3734e-10
0.25    	0       	3.6699e-12
0.25    	0.05    	7.9328e-10
0.25    	0.1     	9.1038e-10
0.25    	0.15    	9.2838e-10
0.25    	0.2     	9.3174e-10
0.25    	0.25    	9.3292e-10
0.25    	0.3     	9.337e-10
0.25    	0.35    	9.3436e-10
0.25    	0.4     	9.3495e-10
0.25    	0.45    	9.3549e-10
0.25    	0.5     	9.3599e-10
0.25    	0.55    	9.3645e-10
0.25    	0.6     	9.3688e-10
0.25    	0.65    	9.3728e-10
0.25    	0.7     	9.3766e-10
0.3     	0       	1.7368e-11
0.3     	0.05    	5.3553e-09
0.3     	0.1     	6.1542e-09
0.3     	0.15    	6.2788e-09
0.3     	0.2     	6.3032e-09
0.3     	0.25    	6.3121e-09
0.3     	0.3     	6.3179e-09
0.3     	0.35    	6.3229e-09
0.3     	0.4     	6.3273e-09
0.3     	0.45    	6.3313e-09
0.3     	0.5     	6.3349e-09
0.3     	0.55    	6.3382e-09
0.3     	0.6     	6.3413e-09
0.3     	0.65    	6.3442e-09
0.3     	0.7     	6.3469e-09
0.35    	0       	1.0881e-10
0.35    	0.05    	3.3621e-08
0.35    	0.1     	3.9057e-08
0.35    	0.15    	3.992e-08
0.35    	0.2     	4.0092e-08
0.35    	0.25    	4.0155e-08
0.35    	0.3     	4.0197e-08
0.35    	0.35    	4.0231e-08
0.35    	0.4     	4.0262e-08
0.35    	0.45    	4.0289e-08
0.35    	0.5     	4.0313e-08
0.35    	0.55    	4.0335e-08
0.35    	0.6     	4.0356e-08
0.35    	0.65    	4.0375e-08
0.35    	0.7     	4.0392e-08
0.4     	0       	5.7533e-10
0.4     	0.05    	1.6181e-07
0.4     	0.1     	1.9624e-07
0.4     	0.15    	2.0219e-07
0.4     	0.2     	2.0335e-07
0.4     	0.25    	2.0373e-07
0.4     	0.3     	2.0395e-07
0.4     	0.35    	2.0413e-07
0.4     	0.4     	2.0428e-07
0.4     	0.45    	2.0442e-07
0.4     	0.5     	2.0454e-07
0.4     	0.55    	2.0465e-07
0.4     	0.6     	2.0475e-07
0.4     	0.65    	2.0484e-07
0.4     	0.7     	2.0492e-07
0.45    	0       	1.3774e-09
0.45    	0.05    	4.4438e-07
0.45    	0.1     	6.0997e-07
0.45    	0.15    	6.4761e-07
0.45    	0.2     	6.5503e-07
0.45    	0.25    	6.569e-07
0.45    	0.3     	6.5773e-07
0.45    	0.35    	6.5829e-07
0.45    	0.4     	6.5874e-07
0.45    	0.45    	6.5913e-07
0.45    	0.5     	6.5948e-07
0.45    	0.55    	6.5978e-07
0.45    	0.6     	6.601e-07
0.45    	0.65    	6.6035e-07
0.45    	0.7     	6.6058e-07
0.5     	0       	1.9756e-09
0.5     	0.05    	7.2375e-07
0.5     	0.1     	1.1617e-06
0.5     	0.15    	1.3315e-06
0.5     	0.2     	1.3756e-06
0.5     	0.25    	1.3863e-06
0.5     	0.3     	1.3892e-06
0.5     	0.35    	1.3906e-06
0.5     	0.4     	1.3916e-06
0.5     	0.45    	1.3924e-06
0.5     	0.5     	1.393e-06
0.5     	0.55    	1.3935e-06
0.5     	0.6     	1.3941e-06
0.5     	0.65    	1.3945e-06
0.5     	0.7     	1.3949e-06
0.55    	0       	2.3531e-09
0.55    	0.05    	8.9811e-07
0.55    	0.1     	1.5955e-06
0.55    	0.15    	2.0139e-06
0.55    	0.2     	2.1942e-06
0.55    	0.25    	2.247e-06
0.55    	0.3     	2.2603e-06
0.55    	0.35    	2.2642e-06
0.55    	0.4     	2.266e-06
0.55    	0.45    	2.2672e-06
0.55    	0.5     	2.2683e-06
0.55    	0.55    	2.269e-06
0.55    	0.6     	2.2697e-06
0.55    	0.65    	2.2704e-06
0.55    	0.7     	2.2709e-06
0.6     	0       	2.4902e-09
0.6     	0.05    	9.9608e-07
0.6     	0.1     	1.8539e-06
0.6     	0.15    	2.495e-06
0.6     	0.2     	2.8895e-06
0.6     	0.25    	3.0792e-06
0.6     	0.3     	3.1386e-06
0.6     	0.35    	3.1549e-06
0.6     	0.4     	3.1605e-06
0.6     	0.45    	3.1628e-06
0.6     	0.5     	3.1643e-06
0.6     	0.55    	3.1654e-06
0.6     	0.6     	3.1662e-06
0.6     	0.65    	3.167e-06
0.6     	0.7     	3.1677e-06
0.65    	0       	2.5104e-09
0.65    	0.05    	1.0101e-06
0.65    	0.1     	1.9621e-06
0.65    	0.15    	2.7525e-06
0.65    	0.2     	3.3292e-06
0.65    	0.25    	3.7029e-06
0.65    	0.3     	3.8888e-06
0.65    	0.35    	3.9575e-06
0.65    	0.4     	3.9796e-06
0.65    	0.45    	3.9869e-06
0.65    	0.5     	3.9898e-06
0.65    	0.55    	3.9914e-06
0.65    	0.6     	3.9926e-06
0.65    	0.65    	3.9935e-06
0.65    	0.7     	3.9943e-06
0.7     	0       	2.4603e-09
0.7     	0.05    	1.0067e-06
0.7     	0.1     	1.9615e-06
0.7     	0.15    	2.818e-06
0.7     	0.2     	3.5079e-06
0.7     	0.25    	3.9882e-06
0.7     	0.3     	4.3362e-06
0.7     	0.35    	4.5403e-06
0.7     	0.4     	4.6263e-06
0.7     	0.45    	4.6572e-06
0.7     	0.5     	4.6683e-06
0.7     	0.55    	4.6727e-06
0.7     	0.6     	4.675e-06
0.7     	0.65    	4.6764e-06
0.7     	0.7     	4.6773e-06
