vg      	vd      	ids     
0       	0       	4.5146e-19
0       	0.05    	3.7271e-17
0       	0.1     	4.304e-17
0       	0.15    	4.4226e-17
0       	0.2     	4.4748e-17
0       	0.25    	4.5162e-17
0       	0.3     	4.5554e-17
0       	0.35    	4.5934e-17
0       	0.4     	4.6307e-17
0       	0.45    	4.6673e-17
0       	0.5     	4.7032e-17
0       	0.55    	4.7386e-17
0       	0.6     	4.7733e-17
0       	0.65    	4.8076e-17
0       	0.7     	4.8413e-17
0.05    	0       	2.9221e-18
0.05    	0.05    	2.5247e-16
0.05    	0.1     	2.9157e-16
0.05    	0.15    	2.9978e-16
0.05    	0.2     	3.034e-16
0.05    	0.25    	3.063e-16
0.05    	0.3     	3.0903e-16
0.05    	0.35    	3.1169e-16
0.05    	0.4     	3.1428e-16
0.05    	0.45    	3.1681e-16
0.05    	0.5     	3.1929e-16
0.05    	0.55    	3.2173e-16
0.05    	0.6     	3.2413e-16
0.05    	0.65    	3.2649e-16
0.05    	0.7     	3.2881e-16
0.1     	0       	1.9753e-17
0.1     	0.05    	1.7104e-15
0.1     	0.1     	1.976e-15
0.1     	0.15    	2.0323e-15
0.1     	0.2     	2.0575e-15
0.1     	0.25    	2.0777e-15
0.1     	0.3     	2.0968e-15
0.1     	0.35    	2.1153e-15
0.1     	0.4     	2.1333e-15
0.1     	0.45    	2.1509e-15
0.1     	0.5     	2.1681e-15
0.1     	0.55    	2.185e-15
0.1     	0.6     	2.2014e-15
0.1     	0.65    	2.2176e-15
0.1     	0.7     	2.2335e-15
0.15    	0       	1.4261e-16
0.15    	0.05    	1.1572e-14
0.15    	0.1     	1.3376e-14
0.15    	0.15    	1.3763e-14
0.15    	0.2     	1.3938e-14
0.15    	0.25    	1.408e-14
0.15    	0.3     	1.4213e-14
0.15    	0.35    	1.4341e-14
0.15    	0.4     	1.4467e-14
0.15    	0.45    	1.4589e-14
0.15    	0.5     	1.4708e-14
0.15    	0.55    	1.4823e-14
0.15    	0.6     	1.4936e-14
0.15    	0.65    	1.5046e-14
0.15    	0.7     	1.5153e-14
0.2     	0       	1.0709e-15
0.2     	0.05    	7.791e-14
0.2     	0.1     	9.0139e-14
0.2     	0.15    	9.2799e-14
0.2     	0.2     	9.4023e-14
0.2     	0.25    	9.5006e-14
0.2     	0.3     	9.593e-14
0.2     	0.35    	9.6821e-14
0.2     	0.4     	9.7687e-14
0.2     	0.45    	9.8527e-14
0.2     	0.5     	9.9341e-14
0.2     	0.55    	1.0013e-13
0.2     	0.6     	1.0089e-13
0.2     	0.65    	1.0163e-13
0.2     	0.7     	1.0234e-13
0.25    	0       	6.4383e-15
0.25    	0.05    	5.3078e-13
0.25    	0.1     	6.1335e-13
0.25    	0.15    	6.317e-13
0.25    	0.2     	6.4033e-13
0.25    	0.25    	6.4727e-13
0.25    	0.3     	6.5374e-13
0.25    	0.35    	6.5996e-13
0.25    	0.4     	6.6596e-13
0.25    	0.45    	6.7176e-13
0.25    	0.5     	6.7734e-13
0.25    	0.55    	6.8269e-13
0.25    	0.6     	6.8782e-13
0.25    	0.65    	6.927e-13
0.25    	0.7     	6.9734e-13
0.3     	0       	4.1402e-14
0.3     	0.05    	3.5568e-12
0.3     	0.1     	4.1216e-12
0.3     	0.15    	4.2472e-12
0.3     	0.2     	4.3074e-12
0.3     	0.25    	4.3558e-12
0.3     	0.3     	4.4007e-12
0.3     	0.35    	4.4433e-12
0.3     	0.4     	4.484e-12
0.3     	0.45    	4.5229e-12
0.3     	0.5     	4.5599e-12
0.3     	0.55    	4.5949e-12
0.3     	0.6     	4.6277e-12
0.3     	0.65    	4.6584e-12
0.3     	0.7     	4.687e-12
0.35    	0       	2.3638e-13
0.35    	0.05    	2.3798e-11
0.35    	0.1     	2.7601e-11
0.35    	0.15    	2.8468e-11
0.35    	0.2     	2.8885e-11
0.35    	0.25    	2.9221e-11
0.35    	0.3     	2.9528e-11
0.35    	0.35    	2.9816e-11
0.35    	0.4     	3.0085e-11
0.35    	0.45    	3.0337e-11
0.35    	0.5     	3.0572e-11
0.35    	0.55    	3.0788e-11
0.35    	0.6     	3.0987e-11
0.35    	0.65    	3.1171e-11
0.35    	0.7     	3.1341e-11
0.4     	0       	1.3277e-12
0.4     	0.05    	1.5859e-10
0.4     	0.1     	1.842e-10
0.4     	0.15    	1.9012e-10
0.4     	0.2     	1.9299e-10
0.4     	0.25    	1.9526e-10
0.4     	0.3     	1.9731e-10
0.4     	0.35    	1.9918e-10
0.4     	0.4     	2.0087e-10
0.4     	0.45    	2.024e-10
0.4     	0.5     	2.0379e-10
0.4     	0.55    	2.0507e-10
0.4     	0.6     	2.0624e-10
0.4     	0.65    	2.0733e-10
0.4     	0.7     	2.0836e-10
0.45    	0       	3.2803e-12
0.45    	0.05    	1.0448e-09
0.45    	0.1     	1.2164e-09
0.45    	0.15    	1.2565e-09
0.45    	0.2     	1.2756e-09
0.45    	0.25    	1.2902e-09
0.45    	0.3     	1.3029e-09
0.45    	0.35    	1.314e-09
0.45    	0.4     	1.3239e-09
0.45    	0.45    	1.3328e-09
0.45    	0.5     	1.3408e-09
0.45    	0.55    	1.3483e-09
0.45    	0.6     	1.3554e-09
0.45    	0.65    	1.3621e-09
0.45    	0.7     	1.3685e-09
0.5     	0       	4.2224e-11
0.5     	0.05    	6.7759e-09
0.5     	0.1     	7.9174e-09
0.5     	0.15    	8.1809e-09
0.5     	0.2     	8.2992e-09
0.5     	0.25    	8.3838e-09
0.5     	0.3     	8.4546e-09
0.5     	0.35    	8.5169e-09
0.5     	0.4     	8.5733e-09
0.5     	0.45    	8.6251e-09
0.5     	0.5     	8.6733e-09
0.5     	0.55    	8.7188e-09
0.5     	0.6     	8.762e-09
0.5     	0.65    	8.8035e-09
0.5     	0.7     	8.8435e-09
0.55    	0       	1.9949e-10
0.55    	0.05    	3.9577e-08
0.55    	0.1     	4.6745e-08
0.55    	0.15    	4.8312e-08
0.55    	0.2     	4.8929e-08
0.55    	0.25    	4.935e-08
0.55    	0.3     	4.9703e-08
0.55    	0.35    	5.0021e-08
0.55    	0.4     	5.0315e-08
0.55    	0.45    	5.0589e-08
0.55    	0.5     	5.0845e-08
0.55    	0.55    	5.1088e-08
0.55    	0.6     	5.1318e-08
0.55    	0.65    	5.1539e-08
0.55    	0.7     	5.1751e-08
0.6     	0       	5.9065e-10
0.6     	0.05    	1.6653e-07
0.6     	0.1     	2.0583e-07
0.6     	0.15    	2.1397e-07
0.6     	0.2     	2.165e-07
0.6     	0.25    	2.1797e-07
0.6     	0.3     	2.1912e-07
0.6     	0.35    	2.2012e-07
0.6     	0.4     	2.2101e-07
0.6     	0.45    	2.2182e-07
0.6     	0.5     	2.2256e-07
0.6     	0.55    	2.2324e-07
0.6     	0.6     	2.2386e-07
0.6     	0.65    	2.2444e-07
0.6     	0.7     	2.2499e-07
0.65    	0       	1.0988e-09
0.65    	0.05    	4.0546e-07
0.65    	0.1     	5.5692e-07
0.65    	0.15    	5.9247e-07
0.65    	0.2     	6.0077e-07
0.65    	0.25    	6.0396e-07
0.65    	0.3     	6.06e-07
0.65    	0.35    	6.0764e-07
0.65    	0.4     	6.0907e-07
0.65    	0.45    	6.1033e-07
0.65    	0.5     	6.1147e-07
0.65    	0.55    	6.1252e-07
0.65    	0.6     	6.1348e-07
0.65    	0.65    	6.1437e-07
0.65    	0.7     	6.1521e-07
0.7     	0       	1.4177e-09
0.7     	0.05    	6.4567e-07
0.7     	0.1     	1.0084e-06
0.7     	0.15    	1.1249e-06
0.7     	0.2     	1.1508e-06
0.7     	0.25    	1.1641e-06
0.7     	0.3     	1.1648e-06
0.7     	0.35    	1.1672e-06
0.7     	0.4     	1.1692e-06
0.7     	0.45    	1.1683e-06
0.7     	0.5     	1.1721e-06
0.7     	0.55    	1.1712e-06
0.7     	0.6     	1.1728e-06
0.7     	0.65    	1.1743e-06
0.7     	0.7     	1.1754e-06
