vg      	vd      	ids     
0       	0       	2.4877e-15
0       	0.05    	2.2743e-13
0       	0.1     	2.6867e-13
0       	0.15    	2.8188e-13
0       	0.2     	2.9075e-13
0       	0.25    	2.9884e-13
0       	0.3     	3.0669e-13
0       	0.35    	3.1439e-13
0       	0.4     	3.2195e-13
0       	0.45    	3.2933e-13
0       	0.5     	3.3648e-13
0       	0.55    	3.4332e-13
0       	0.6     	3.497e-13
0       	0.65    	3.5553e-13
0       	0.7     	3.6083e-13
0.05    	0       	1.3521e-14
0.05    	0.05    	1.4873e-12
0.05    	0.1     	1.7556e-12
0.05    	0.15    	1.8443e-12
0.05    	0.2     	1.9047e-12
0.05    	0.25    	1.9597e-12
0.05    	0.3     	2.0129e-12
0.05    	0.35    	2.0646e-12
0.05    	0.4     	2.1147e-12
0.05    	0.45    	2.1625e-12
0.05    	0.5     	2.2072e-12
0.05    	0.55    	2.2479e-12
0.05    	0.6     	2.2845e-12
0.05    	0.65    	2.3179e-12
0.05    	0.7     	2.3492e-12
0.1     	0       	8.8074e-14
0.1     	0.05    	9.5089e-12
0.1     	0.1     	1.1277e-11
0.1     	0.15    	1.1866e-11
0.1     	0.2     	1.2271e-11
0.1     	0.25    	1.2639e-11
0.1     	0.3     	1.299e-11
0.1     	0.35    	1.3325e-11
0.1     	0.4     	1.3638e-11
0.1     	0.45    	1.3921e-11
0.1     	0.5     	1.4173e-11
0.1     	0.55    	1.4401e-11
0.1     	0.6     	1.4612e-11
0.1     	0.65    	1.4813e-11
0.1     	0.7     	1.5006e-11
0.15    	0       	5.5255e-13
0.15    	0.05    	6.0336e-11
0.15    	0.1     	7.1744e-11
0.15    	0.15    	7.5668e-11
0.15    	0.2     	7.8364e-11
0.15    	0.25    	8.0773e-11
0.15    	0.3     	8.3e-11 
0.15    	0.35    	8.501e-11
0.15    	0.4     	8.6771e-11
0.15    	0.45    	8.8328e-11
0.15    	0.5     	8.9755e-11
0.15    	0.55    	9.1102e-11
0.15    	0.6     	9.2394e-11
0.15    	0.65    	9.3648e-11
0.15    	0.7     	9.4872e-11
0.2     	0       	2.9424e-12
0.2     	0.05    	3.8156e-10
0.2     	0.1     	4.5479e-10
0.2     	0.15    	4.8058e-10
0.2     	0.2     	4.9815e-10
0.2     	0.25    	5.1307e-10
0.2     	0.3     	5.258e-10
0.2     	0.35    	5.3673e-10
0.2     	0.4     	5.4654e-10
0.2     	0.45    	5.5569e-10
0.2     	0.5     	5.644e-10
0.2     	0.55    	5.7279e-10
0.2     	0.6     	5.8095e-10
0.2     	0.65    	5.8891e-10
0.2     	0.7     	5.9671e-10
0.25    	0       	1.7749e-11
0.25    	0.05    	2.345e-09
0.25    	0.1     	2.8112e-09
0.25    	0.15    	2.974e-09
0.25    	0.2     	3.0765e-09
0.25    	0.25    	3.1558e-09
0.25    	0.3     	3.2236e-09
0.25    	0.35    	3.2854e-09
0.25    	0.4     	3.3435e-09
0.25    	0.45    	3.399e-09
0.25    	0.5     	3.4526e-09
0.25    	0.55    	3.5045e-09
0.25    	0.6     	3.5551e-09
0.25    	0.65    	3.6044e-09
0.25    	0.7     	3.6528e-09
0.3     	0       	9.5134e-11
0.3     	0.05    	1.369e-08
0.3     	0.1     	1.6515e-08
0.3     	0.15    	1.7415e-08
0.3     	0.2     	1.7926e-08
0.3     	0.25    	1.8338e-08
0.3     	0.3     	1.8712e-08
0.3     	0.35    	1.9063e-08
0.3     	0.4     	1.9397e-08
0.3     	0.45    	1.9717e-08
0.3     	0.5     	2.0025e-08
0.3     	0.55    	2.0323e-08
0.3     	0.6     	2.0613e-08
0.3     	0.65    	2.0895e-08
0.3     	0.7     	2.117e-08
0.35    	0       	4.1146e-10
0.35    	0.05    	6.6975e-08
0.35    	0.1     	8.204e-08
0.35    	0.15    	8.6332e-08
0.35    	0.2     	8.8644e-08
0.35    	0.25    	9.0497e-08
0.35    	0.3     	9.2166e-08
0.35    	0.35    	9.3714e-08
0.35    	0.4     	9.5161e-08
0.35    	0.45    	9.6518e-08
0.35    	0.5     	9.7788e-08
0.35    	0.55    	9.8973e-08
0.35    	0.6     	1.0007e-07
0.35    	0.65    	1.0108e-07
0.35    	0.7     	1.0201e-07
0.4     	0       	1.0966e-09
0.4     	0.05    	2.1792e-07
0.4     	0.1     	2.8253e-07
0.4     	0.15    	2.9948e-07
0.4     	0.2     	3.0643e-07
0.4     	0.25    	3.1101e-07
0.4     	0.3     	3.1465e-07
0.4     	0.35    	3.1773e-07
0.4     	0.4     	3.2044e-07
0.4     	0.45    	3.2288e-07
0.4     	0.5     	3.2512e-07
0.4     	0.55    	3.272e-07
0.4     	0.6     	3.2915e-07
0.4     	0.65    	3.3101e-07
0.4     	0.7     	3.3278e-07
0.45    	0       	1.8443e-09
0.45    	0.05    	4.3884e-07
0.45    	0.1     	6.3087e-07
0.45    	0.15    	6.8502e-07
0.45    	0.2     	7.0128e-07
0.45    	0.25    	7.0905e-07
0.45    	0.3     	7.1456e-07
0.45    	0.35    	7.1914e-07
0.45    	0.4     	7.2379e-07
0.45    	0.45    	7.2744e-07
0.45    	0.5     	7.3076e-07
0.45    	0.55    	7.3384e-07
0.45    	0.6     	7.3671e-07
0.45    	0.65    	7.3941e-07
0.45    	0.7     	7.4195e-07
0.5     	0       	2.4233e-09
0.5     	0.05    	6.3831e-07
0.5     	0.1     	1.0261e-06
0.5     	0.15    	1.1715e-06
0.5     	0.2     	1.2165e-06
0.5     	0.25    	1.2311e-06
0.5     	0.3     	1.239e-06
0.5     	0.35    	1.2455e-06
0.5     	0.4     	1.2502e-06
0.5     	0.45    	1.2543e-06
0.5     	0.5     	1.258e-06
0.5     	0.55    	1.2613e-06
0.5     	0.6     	1.2647e-06
0.5     	0.65    	1.2674e-06
0.5     	0.7     	1.27e-06
0.55    	0       	2.8557e-09
0.55    	0.05    	7.8608e-07
0.55    	0.1     	1.3706e-06
0.55    	0.15    	1.6685e-06
0.55    	0.2     	1.7834e-06
0.55    	0.25    	1.816e-06
0.55    	0.3     	1.8286e-06
0.55    	0.35    	1.8366e-06
0.55    	0.4     	1.842e-06
0.55    	0.45    	1.8464e-06
0.55    	0.5     	1.8502e-06
0.55    	0.55    	1.8536e-06
0.55    	0.6     	1.8571e-06
0.55    	0.65    	1.86e-06
0.55    	0.7     	1.8626e-06
0.6     	0       	3.197e-09
0.6     	0.05    	8.9367e-07
0.6     	0.1     	1.632e-06
0.6     	0.15    	2.113e-06
0.6     	0.2     	2.341e-06
0.6     	0.25    	2.4211e-06
0.6     	0.3     	2.4463e-06
0.6     	0.35    	2.4578e-06
0.6     	0.4     	2.4643e-06
0.6     	0.45    	2.4691e-06
0.6     	0.5     	2.4731e-06
0.6     	0.55    	2.477e-06
0.6     	0.6     	2.4801e-06
0.6     	0.65    	2.4829e-06
0.6     	0.7     	2.4855e-06
0.65    	0       	3.4799e-09
0.65    	0.05    	9.7485e-07
0.65    	0.1     	1.8221e-06
0.65    	0.15    	2.4556e-06
0.65    	0.2     	2.8251e-06
0.65    	0.25    	3.0031e-06
0.65    	0.3     	3.0624e-06
0.65    	0.35    	3.0823e-06
0.65    	0.4     	3.0921e-06
0.65    	0.45    	3.0977e-06
0.65    	0.5     	3.1019e-06
0.65    	0.55    	3.1057e-06
0.65    	0.6     	3.1087e-06
0.65    	0.65    	3.1114e-06
0.65    	0.7     	3.1139e-06
0.7     	0       	3.72e-09
0.7     	0.05    	1.0381e-06
0.7     	0.1     	1.9625e-06
0.7     	0.15    	2.7038e-06
0.7     	0.2     	3.2145e-06
0.7     	0.25    	3.5174e-06
0.7     	0.3     	3.6445e-06
0.7     	0.35    	3.6908e-06
0.7     	0.4     	3.708e-06
0.7     	0.45    	3.7157e-06
0.7     	0.5     	3.7209e-06
0.7     	0.55    	3.7245e-06
0.7     	0.6     	3.7275e-06
0.7     	0.65    	3.7302e-06
0.7     	0.7     	3.7325e-06
