vg      	vd      	ids     
0       	0       	2.8762e-15
0       	0.05    	1.5031e-12
0       	0.1     	1.733e-12
0       	0.15    	1.7764e-12
0       	0.2     	1.7918e-12
0       	0.25    	1.8027e-12
0       	0.3     	1.8124e-12
0       	0.35    	1.8214e-12
0       	0.4     	1.83e-12
0       	0.45    	1.8381e-12
0       	0.5     	1.8459e-12
0       	0.55    	1.8532e-12
0       	0.6     	1.8602e-12
0       	0.65    	1.8669e-12
0       	0.7     	1.8733e-12
0.05    	0       	2.2549e-14
0.05    	0.05    	1.0174e-11
0.05    	0.1     	1.1741e-11
0.05    	0.15    	1.2039e-11
0.05    	0.2     	1.2147e-11
0.05    	0.25    	1.2222e-11
0.05    	0.3     	1.2289e-11
0.05    	0.35    	1.2351e-11
0.05    	0.4     	1.241e-11
0.05    	0.45    	1.2464e-11
0.05    	0.5     	1.2516e-11
0.05    	0.55    	1.2565e-11
0.05    	0.6     	1.2612e-11
0.05    	0.65    	1.2656e-11
0.05    	0.7     	1.2699e-11
0.1     	0       	1.1433e-13
0.1     	0.05    	6.9661e-11
0.1     	0.1     	8.0295e-11
0.1     	0.15    	8.2353e-11
0.1     	0.2     	8.3109e-11
0.1     	0.25    	8.3637e-11
0.1     	0.3     	8.41e-11
0.1     	0.35    	8.4526e-11
0.1     	0.4     	8.4923e-11
0.1     	0.45    	8.5295e-11
0.1     	0.5     	8.5644e-11
0.1     	0.55    	8.5974e-11
0.1     	0.6     	8.6286e-11
0.1     	0.65    	8.6583e-11
0.1     	0.7     	8.6867e-11
0.15    	0       	8.2668e-13
0.15    	0.05    	4.69e-10
0.15    	0.1     	5.4201e-10
0.15    	0.15    	5.5612e-10
0.15    	0.2     	5.6135e-10
0.15    	0.25    	5.6498e-10
0.15    	0.3     	5.6812e-10
0.15    	0.35    	5.7098e-10
0.15    	0.4     	5.7362e-10
0.15    	0.45    	5.7609e-10
0.15    	0.5     	5.7839e-10
0.15    	0.55    	5.8057e-10
0.15    	0.6     	5.8262e-10
0.15    	0.65    	5.8458e-10
0.15    	0.7     	5.8645e-10
0.2     	0       	4.7162e-12
0.2     	0.05    	3.1404e-09
0.2     	0.1     	3.6332e-09
0.2     	0.15    	3.7304e-09
0.2     	0.2     	3.7661e-09
0.2     	0.25    	3.7905e-09
0.2     	0.3     	3.8113e-09
0.2     	0.35    	3.83e-09
0.2     	0.4     	3.8472e-09
0.2     	0.45    	3.8632e-09
0.2     	0.5     	3.8781e-09
0.2     	0.55    	3.8921e-09
0.2     	0.6     	3.9054e-09
0.2     	0.65    	3.918e-09
0.2     	0.7     	3.93e-09
0.25    	0       	2.7791e-11
0.25    	0.05    	1.9953e-08
0.25    	0.1     	2.3246e-08
0.25    	0.15    	2.389e-08
0.25    	0.2     	2.4119e-08
0.25    	0.25    	2.4268e-08
0.25    	0.3     	2.4393e-08
0.25    	0.35    	2.4505e-08
0.25    	0.4     	2.4606e-08
0.25    	0.45    	2.4699e-08
0.25    	0.5     	2.4786e-08
0.25    	0.55    	2.4867e-08
0.25    	0.6     	2.4943e-08
0.25    	0.65    	2.5016e-08
0.25    	0.7     	2.5084e-08
0.3     	0       	1.1609e-10
0.3     	0.05    	1.0282e-07
0.3     	0.1     	1.2329e-07
0.3     	0.15    	1.2724e-07
0.3     	0.2     	1.2844e-07
0.3     	0.25    	1.2912e-07
0.3     	0.3     	1.2966e-07
0.3     	0.35    	1.3012e-07
0.3     	0.4     	1.3053e-07
0.3     	0.45    	1.3091e-07
0.3     	0.5     	1.3125e-07
0.3     	0.55    	1.3157e-07
0.3     	0.6     	1.3186e-07
0.3     	0.65    	1.3214e-07
0.3     	0.7     	1.324e-07
0.35    	0       	2.8124e-10
0.35    	0.05    	3.1817e-07
0.35    	0.1     	4.1719e-07
0.35    	0.15    	4.3794e-07
0.35    	0.2     	4.429e-07
0.35    	0.25    	4.4496e-07
0.35    	0.3     	4.4633e-07
0.35    	0.35    	4.4745e-07
0.35    	0.4     	4.4841e-07
0.35    	0.45    	4.4926e-07
0.35    	0.5     	4.5012e-07
0.35    	0.55    	4.5081e-07
0.35    	0.6     	4.5144e-07
0.35    	0.65    	4.5203e-07
0.35    	0.7     	4.5257e-07
0.4     	0       	4.2376e-10
0.4     	0.05    	5.752e-07
0.4     	0.1     	8.6639e-07
0.4     	0.15    	9.5489e-07
0.4     	0.2     	9.7475e-07
0.4     	0.25    	9.8056e-07
0.4     	0.3     	9.8374e-07
0.4     	0.35    	9.8571e-07
0.4     	0.4     	9.873e-07
0.4     	0.45    	9.8865e-07
0.4     	0.5     	9.8984e-07
0.4     	0.55    	9.9103e-07
0.4     	0.6     	9.9199e-07
0.4     	0.65    	9.9287e-07
0.4     	0.7     	9.9367e-07
0.45    	0       	5.1913e-10
0.45    	0.05    	7.6458e-07
0.45    	0.1     	1.2923e-06
0.45    	0.15    	1.5413e-06
0.45    	0.2     	1.6176e-06
0.45    	0.25    	1.6372e-06
0.45    	0.3     	1.6434e-06
0.45    	0.35    	1.6467e-06
0.45    	0.4     	1.6494e-06
0.45    	0.45    	1.6513e-06
0.45    	0.5     	1.6529e-06
0.45    	0.55    	1.6545e-06
0.45    	0.6     	1.6558e-06
0.45    	0.65    	1.6569e-06
0.45    	0.7     	1.6579e-06
0.5     	0       	5.8387e-10
0.5     	0.05    	8.8393e-07
0.5     	0.1     	1.5946e-06
0.5     	0.15    	2.0473e-06
0.5     	0.2     	2.261e-06
0.5     	0.25    	2.3251e-06
0.5     	0.3     	2.3433e-06
0.5     	0.35    	2.3497e-06
0.5     	0.4     	2.3533e-06
0.5     	0.45    	2.3561e-06
0.5     	0.5     	2.3582e-06
0.5     	0.55    	2.3599e-06
0.5     	0.6     	2.3616e-06
0.5     	0.65    	2.3629e-06
0.5     	0.7     	2.3641e-06
0.55    	0       	6.314e-10
0.55    	0.05    	9.5934e-07
0.55    	0.1     	1.7861e-06
0.55    	0.15    	2.399e-06
0.55    	0.2     	2.7858e-06
0.55    	0.25    	2.9631e-06
0.55    	0.3     	3.0204e-06
0.55    	0.35    	3.0383e-06
0.55    	0.4     	3.0449e-06
0.55    	0.45    	3.0489e-06
0.55    	0.5     	3.0516e-06
0.55    	0.55    	3.0538e-06
0.55    	0.6     	3.0555e-06
0.55    	0.65    	3.057e-06
0.55    	0.7     	3.0584e-06
0.6     	0       	6.6361e-10
0.6     	0.05    	1.009e-06
0.6     	0.1     	1.9072e-06
0.6     	0.15    	2.6199e-06
0.6     	0.2     	3.1131e-06
0.6     	0.25    	3.4392e-06
0.6     	0.3     	3.6071e-06
0.6     	0.35    	3.665e-06
0.6     	0.4     	3.6834e-06
0.6     	0.45    	3.6905e-06
0.6     	0.5     	3.6946e-06
0.6     	0.55    	3.6972e-06
0.6     	0.6     	3.6993e-06
0.6     	0.65    	3.7009e-06
0.6     	0.7     	3.7023e-06
0.65    	0       	6.845e-10
0.65    	0.05    	1.0386e-06
0.65    	0.1     	1.9818e-06
0.65    	0.15    	2.7546e-06
0.65    	0.2     	3.321e-06
0.65    	0.25    	3.7405e-06
0.65    	0.3     	4.0198e-06
0.65    	0.35    	4.1608e-06
0.65    	0.4     	4.2253e-06
0.65    	0.45    	4.2469e-06
0.65    	0.5     	4.2557e-06
0.65    	0.55    	4.26e-06
0.65    	0.6     	4.2626e-06
0.65    	0.65    	4.2646e-06
0.65    	0.7     	4.2661e-06
0.7     	0       	6.9134e-10
0.7     	0.05    	1.0473e-06
0.7     	0.1     	2.0183e-06
0.7     	0.15    	2.8251e-06
0.7     	0.2     	3.4309e-06
0.7     	0.25    	3.9004e-06
0.7     	0.3     	4.2301e-06
0.7     	0.35    	4.4633e-06
0.7     	0.4     	4.6e-06 
0.7     	0.45    	4.6687e-06
0.7     	0.5     	4.6964e-06
0.7     	0.55    	4.7082e-06
0.7     	0.6     	4.7138e-06
0.7     	0.65    	4.7168e-06
0.7     	0.7     	4.7188e-06
