vg      	vd      	ids     
0       	0       	-3.3296e-14
0       	0.05    	1.2139e-10
0       	0.1     	1.4127e-10
0       	0.15    	1.4589e-10
0       	0.2     	1.481e-10
0       	0.25    	1.4983e-10
0       	0.3     	1.5137e-10
0       	0.35    	1.528e-10
0       	0.4     	1.5414e-10
0       	0.45    	1.5541e-10
0       	0.5     	1.566e-10
0       	0.55    	1.5775e-10
0       	0.6     	1.5885e-10
0       	0.65    	1.5991e-10
0       	0.7     	1.6093e-10
0.05    	0       	-5.4971e-13
0.05    	0.05    	8.0773e-10
0.05    	0.1     	9.4015e-10
0.05    	0.15    	9.7137e-10
0.05    	0.2     	9.8636e-10
0.05    	0.25    	9.9797e-10
0.05    	0.3     	1.0083e-09
0.05    	0.35    	1.0178e-09
0.05    	0.4     	1.0267e-09
0.05    	0.45    	1.0351e-09
0.05    	0.5     	1.043e-09
0.05    	0.55    	1.0505e-09
0.05    	0.6     	1.0578e-09
0.05    	0.65    	1.0647e-09
0.05    	0.7     	1.0714e-09
0.1     	0       	-3.7804e-12
0.1     	0.05    	5.2453e-09
0.1     	0.1     	6.1273e-09
0.1     	0.15    	6.3344e-09
0.1     	0.2     	6.4329e-09
0.1     	0.25    	6.5082e-09
0.1     	0.3     	6.5746e-09
0.1     	0.35    	6.6354e-09
0.1     	0.4     	6.6917e-09
0.1     	0.45    	6.7445e-09
0.1     	0.5     	6.7942e-09
0.1     	0.55    	6.8411e-09
0.1     	0.6     	6.8856e-09
0.1     	0.65    	6.9279e-09
0.1     	0.7     	6.9683e-09
0.15    	0       	-2.3189e-11
0.15    	0.05    	3.183e-08
0.15    	0.1     	3.7495e-08
0.15    	0.15    	3.8802e-08
0.15    	0.2     	3.9386e-08
0.15    	0.25    	3.9815e-08
0.15    	0.3     	4.0185e-08
0.15    	0.35    	4.0517e-08
0.15    	0.4     	4.0821e-08
0.15    	0.45    	4.11e-08
0.15    	0.5     	4.136e-08
0.15    	0.55    	4.1602e-08
0.15    	0.6     	4.183e-08
0.15    	0.65    	4.2046e-08
0.15    	0.7     	4.225e-08
0.2     	0       	-9.9513e-11
0.2     	0.05    	1.5006e-07
0.2     	0.1     	1.8242e-07
0.2     	0.15    	1.8946e-07
0.2     	0.2     	1.9203e-07
0.2     	0.25    	1.9369e-07
0.2     	0.3     	1.9504e-07
0.2     	0.35    	1.9623e-07
0.2     	0.4     	1.973e-07
0.2     	0.45    	1.9827e-07
0.2     	0.5     	1.9916e-07
0.2     	0.55    	1.9998e-07
0.2     	0.6     	2.0075e-07
0.2     	0.65    	2.0148e-07
0.2     	0.7     	2.021e-07
0.25    	0       	-2.3022e-10
0.25    	0.05    	4.2854e-07
0.25    	0.1     	5.6199e-07
0.25    	0.15    	5.9172e-07
0.25    	0.2     	6.0011e-07
0.25    	0.25    	6.0428e-07
0.25    	0.3     	6.0731e-07
0.25    	0.35    	6.0983e-07
0.25    	0.4     	6.1202e-07
0.25    	0.45    	6.1397e-07
0.25    	0.5     	6.1574e-07
0.25    	0.55    	6.1757e-07
0.25    	0.6     	6.1906e-07
0.25    	0.65    	6.2042e-07
0.25    	0.7     	6.217e-07
0.3     	0       	-3.511e-10
0.3     	0.05    	7.7478e-07
0.3     	0.1     	1.1268e-06
0.3     	0.15    	1.2266e-06
0.3     	0.2     	1.251e-06
0.3     	0.25    	1.26e-06
0.3     	0.3     	1.266e-06
0.3     	0.35    	1.2701e-06
0.3     	0.4     	1.2734e-06
0.3     	0.45    	1.2763e-06
0.3     	0.5     	1.2789e-06
0.3     	0.55    	1.2812e-06
0.3     	0.6     	1.2833e-06
0.3     	0.65    	1.2852e-06
0.3     	0.7     	1.2872e-06
0.35    	0       	-4.3926e-10
0.35    	0.05    	1.0773e-06
0.35    	0.1     	1.725e-06
0.35    	0.15    	1.978e-06
0.35    	0.2     	2.0431e-06
0.35    	0.25    	2.064e-06
0.35    	0.3     	2.0729e-06
0.35    	0.35    	2.0788e-06
0.35    	0.4     	2.0834e-06
0.35    	0.45    	2.0874e-06
0.35    	0.5     	2.0907e-06
0.35    	0.55    	2.0941e-06
0.35    	0.6     	2.0968e-06
0.35    	0.65    	2.0992e-06
0.35    	0.7     	2.1014e-06
0.4     	0       	-4.9983e-10
0.4     	0.05    	1.3139e-06
0.4     	0.1     	2.251e-06
0.4     	0.15    	2.7362e-06
0.4     	0.2     	2.8955e-06
0.4     	0.25    	2.9415e-06
0.4     	0.3     	2.9574e-06
0.4     	0.35    	2.966e-06
0.4     	0.4     	2.9723e-06
0.4     	0.45    	2.9778e-06
0.4     	0.5     	2.9821e-06
0.4     	0.55    	2.9857e-06
0.4     	0.6     	2.9889e-06
0.4     	0.65    	2.9918e-06
0.4     	0.7     	2.9946e-06
0.45    	0       	-5.4182e-10
0.45    	0.05    	1.4911e-06
0.45    	0.1     	2.6705e-06
0.45    	0.15    	3.4001e-06
0.45    	0.2     	3.7378e-06
0.45    	0.25    	3.8447e-06
0.45    	0.3     	3.8756e-06
0.45    	0.35    	3.8891e-06
0.45    	0.4     	3.8983e-06
0.45    	0.45    	3.9046e-06
0.45    	0.5     	3.9096e-06
0.45    	0.55    	3.9139e-06
0.45    	0.6     	3.918e-06
0.45    	0.65    	3.9213e-06
0.45    	0.7     	3.9242e-06
0.5     	0       	-5.7098e-10
0.5     	0.05    	1.6248e-06
0.5     	0.1     	2.991e-06
0.5     	0.15    	3.9522e-06
0.5     	0.2     	4.5057e-06
0.5     	0.25    	4.7262e-06
0.5     	0.3     	4.7948e-06
0.5     	0.35    	4.8198e-06
0.5     	0.4     	4.8317e-06
0.5     	0.45    	4.8396e-06
0.5     	0.5     	4.8461e-06
0.5     	0.55    	4.8511e-06
0.5     	0.6     	4.8552e-06
0.5     	0.65    	4.8589e-06
0.5     	0.7     	4.8623e-06
0.55    	0       	-5.9108e-10
0.55    	0.05    	1.7275e-06
0.55    	0.1     	3.2342e-06
0.55    	0.15    	4.3801e-06
0.55    	0.2     	5.1472e-06
0.55    	0.25    	5.5345e-06
0.55    	0.3     	5.6832e-06
0.55    	0.35    	5.7319e-06
0.55    	0.4     	5.7509e-06
0.55    	0.45    	5.7622e-06
0.55    	0.5     	5.7696e-06
0.55    	0.55    	5.7752e-06
0.55    	0.6     	5.7802e-06
0.55    	0.65    	5.7843e-06
0.55    	0.7     	5.7877e-06
0.6     	0       	-6.0468e-10
0.6     	0.05    	1.8084e-06
0.6     	0.1     	3.4214e-06
0.6     	0.15    	4.706e-06
0.6     	0.2     	5.6481e-06
0.6     	0.25    	6.2174e-06
0.6     	0.3     	6.4943e-06
0.6     	0.35    	6.6017e-06
0.6     	0.4     	6.6393e-06
0.6     	0.45    	6.6555e-06
0.6     	0.5     	6.6655e-06
0.6     	0.55    	6.6723e-06
0.6     	0.6     	6.6775e-06
0.6     	0.65    	6.6821e-06
0.6     	0.7     	6.6858e-06
0.65    	0       	-6.1376e-10
0.65    	0.05    	1.8739e-06
0.65    	0.1     	3.5686e-06
0.65    	0.15    	4.9556e-06
0.65    	0.2     	5.9742e-06
0.65    	0.25    	6.7159e-06
0.65    	0.3     	7.1768e-06
0.65    	0.35    	7.3857e-06
0.65    	0.4     	7.4707e-06
0.65    	0.45    	7.5026e-06
0.65    	0.5     	7.5177e-06
0.65    	0.55    	7.5264e-06
0.65    	0.6     	7.5325e-06
0.65    	0.65    	7.5375e-06
0.65    	0.7     	7.5415e-06
0.7     	0       	-6.1951e-10
0.7     	0.05    	1.9283e-06
0.7     	0.1     	3.6863e-06
0.7     	0.15    	5.1492e-06
0.7     	0.2     	6.3098e-06
0.7     	0.25    	7.1028e-06
0.7     	0.3     	7.6989e-06
0.7     	0.35    	8.0298e-06
0.7     	0.4     	8.2066e-06
0.7     	0.45    	8.2776e-06
0.7     	0.5     	8.3061e-06
0.7     	0.55    	8.3195e-06
0.7     	0.6     	8.3279e-06
0.7     	0.65    	8.3336e-06
0.7     	0.7     	8.3379e-06
