vg      	vd      	ids     
0       	0       	7.8275e-15
0       	0.05    	1.1883e-12
0       	0.1     	1.3603e-12
0       	0.15    	1.3861e-12
0       	0.2     	1.3907e-12
0       	0.25    	1.3921e-12
0       	0.3     	1.3929e-12
0       	0.35    	1.3937e-12
0       	0.4     	1.3944e-12
0       	0.45    	1.3951e-12
0       	0.5     	1.3957e-12
0       	0.55    	1.3963e-12
0       	0.6     	1.3969e-12
0       	0.65    	1.3974e-12
0       	0.7     	1.3979e-12
0.05    	0       	5.4991e-14
0.05    	0.05    	8.1705e-12
0.05    	0.1     	9.357e-12
0.05    	0.15    	9.5358e-12
0.05    	0.2     	9.5678e-12
0.05    	0.25    	9.5779e-12
0.05    	0.3     	9.5844e-12
0.05    	0.35    	9.5901e-12
0.05    	0.4     	9.5952e-12
0.05    	0.45    	9.6001e-12
0.05    	0.5     	9.6046e-12
0.05    	0.55    	9.6089e-12
0.05    	0.6     	9.6129e-12
0.05    	0.65    	9.6168e-12
0.05    	0.7     	9.6204e-12
0.1     	0       	3.6504e-13
0.1     	0.05    	5.6824e-11
0.1     	0.1     	6.4987e-11
0.1     	0.15    	6.6226e-11
0.1     	0.2     	6.6452e-11
0.1     	0.25    	6.6527e-11
0.1     	0.3     	6.6575e-11
0.1     	0.35    	6.6617e-11
0.1     	0.4     	6.6656e-11
0.1     	0.45    	6.6691e-11
0.1     	0.5     	6.6724e-11
0.1     	0.55    	6.6756e-11
0.1     	0.6     	6.6785e-11
0.1     	0.65    	6.6813e-11
0.1     	0.7     	6.6839e-11
0.15    	0       	2.504e-12
0.15    	0.05    	3.9028e-10
0.15    	0.1     	4.4713e-10
0.15    	0.15    	4.5571e-10
0.15    	0.2     	4.5732e-10
0.15    	0.25    	4.5786e-10
0.15    	0.3     	4.5823e-10
0.15    	0.35    	4.5854e-10
0.15    	0.4     	4.5882e-10
0.15    	0.45    	4.5908e-10
0.15    	0.5     	4.5932e-10
0.15    	0.55    	4.5955e-10
0.15    	0.6     	4.5976e-10
0.15    	0.65    	4.5996e-10
0.15    	0.7     	4.6015e-10
0.2     	0       	1.6628e-11
0.2     	0.05    	2.6598e-09
0.2     	0.1     	3.0509e-09
0.2     	0.15    	3.1111e-09
0.2     	0.2     	3.1225e-09
0.2     	0.25    	3.1266e-09
0.2     	0.3     	3.1293e-09
0.2     	0.35    	3.1316e-09
0.2     	0.4     	3.1337e-09
0.2     	0.45    	3.1356e-09
0.2     	0.5     	3.1373e-09
0.2     	0.55    	3.1389e-09
0.2     	0.6     	3.1404e-09
0.2     	0.65    	3.1419e-09
0.2     	0.7     	3.1432e-09
0.25    	0       	1.0293e-10
0.25    	0.05    	1.7806e-08
0.25    	0.1     	2.0475e-08
0.25    	0.15    	2.0893e-08
0.25    	0.2     	2.0975e-08
0.25    	0.25    	2.1006e-08
0.25    	0.3     	2.1026e-08
0.25    	0.35    	2.1042e-08
0.25    	0.4     	2.1057e-08
0.25    	0.45    	2.1071e-08
0.25    	0.5     	2.1083e-08
0.25    	0.55    	2.1094e-08
0.25    	0.6     	2.1105e-08
0.25    	0.65    	2.1115e-08
0.25    	0.7     	2.1124e-08
0.3     	0       	5.5831e-10
0.3     	0.05    	1.0558e-07
0.3     	0.1     	1.2361e-07
0.3     	0.15    	1.2652e-07
0.3     	0.2     	1.271e-07
0.3     	0.25    	1.273e-07
0.3     	0.3     	1.2743e-07
0.3     	0.35    	1.2754e-07
0.3     	0.4     	1.2763e-07
0.3     	0.45    	1.2771e-07
0.3     	0.5     	1.2779e-07
0.3     	0.55    	1.2786e-07
0.3     	0.6     	1.2792e-07
0.3     	0.65    	1.2798e-07
0.3     	0.7     	1.2803e-07
0.35    	0       	1.8449e-09
0.35    	0.05    	4.2353e-07
0.35    	0.1     	5.3067e-07
0.35    	0.15    	5.5019e-07
0.35    	0.2     	5.5391e-07
0.35    	0.25    	5.5501e-07
0.35    	0.3     	5.556e-07
0.35    	0.35    	5.5605e-07
0.35    	0.4     	5.5642e-07
0.35    	0.45    	5.5675e-07
0.35    	0.5     	5.5704e-07
0.35    	0.55    	5.5731e-07
0.35    	0.6     	5.5755e-07
0.35    	0.65    	5.5777e-07
0.35    	0.7     	5.5797e-07
0.4     	0       	3.2709e-09
0.4     	0.05    	9.2924e-07
0.4     	0.1     	1.3508e-06
0.4     	0.15    	1.4615e-06
0.4     	0.2     	1.4842e-06
0.4     	0.25    	1.4895e-06
0.4     	0.3     	1.4915e-06
0.4     	0.35    	1.4929e-06
0.4     	0.4     	1.4938e-06
0.4     	0.45    	1.4946e-06
0.4     	0.5     	1.4953e-06
0.4     	0.55    	1.4959e-06
0.4     	0.6     	1.4965e-06
0.4     	0.65    	1.497e-06
0.4     	0.7     	1.4974e-06
0.45    	0       	4.2561e-09
0.45    	0.05    	1.3342e-06
0.45    	0.1     	2.2401e-06
0.45    	0.15    	2.6478e-06
0.45    	0.2     	2.7628e-06
0.45    	0.25    	2.7893e-06
0.45    	0.3     	2.7968e-06
0.45    	0.35    	2.7997e-06
0.45    	0.4     	2.8014e-06
0.45    	0.45    	2.8028e-06
0.45    	0.5     	2.8041e-06
0.45    	0.55    	2.805e-06
0.45    	0.6     	2.8059e-06
0.45    	0.65    	2.8067e-06
0.45    	0.7     	2.8075e-06
0.5     	0       	4.9273e-09
0.5     	0.05    	1.5829e-06
0.5     	0.1     	2.8723e-06
0.5     	0.15    	3.7151e-06
0.5     	0.2     	4.096e-06
0.5     	0.25    	4.2221e-06
0.5     	0.3     	4.2547e-06
0.5     	0.35    	4.2635e-06
0.5     	0.4     	4.2675e-06
0.5     	0.45    	4.2697e-06
0.5     	0.5     	4.2714e-06
0.5     	0.55    	4.2728e-06
0.5     	0.6     	4.274e-06
0.5     	0.65    	4.275e-06
0.5     	0.7     	4.276e-06
0.55    	0       	5.3266e-09
0.55    	0.05    	1.7405e-06
0.55    	0.1     	3.2507e-06
0.55    	0.15    	4.4261e-06
0.55    	0.2     	5.1651e-06
0.55    	0.25    	5.5479e-06
0.55    	0.3     	5.6795e-06
0.55    	0.35    	5.7178e-06
0.55    	0.4     	5.729e-06
0.55    	0.45    	5.734e-06
0.55    	0.5     	5.7365e-06
0.55    	0.55    	5.7385e-06
0.55    	0.6     	5.7399e-06
0.55    	0.65    	5.7411e-06
0.55    	0.7     	5.7423e-06
0.6     	0       	5.4759e-09
0.6     	0.05    	1.8202e-06
0.6     	0.1     	3.4677e-06
0.6     	0.15    	4.8411e-06
0.6     	0.2     	5.8407e-06
0.6     	0.25    	6.4794e-06
0.6     	0.3     	6.8543e-06
0.6     	0.35    	7.008e-06
0.6     	0.4     	7.0567e-06
0.6     	0.45    	7.0727e-06
0.6     	0.5     	7.079e-06
0.6     	0.55    	7.0821e-06
0.6     	0.6     	7.0842e-06
0.6     	0.65    	7.0857e-06
0.6     	0.7     	7.0869e-06
0.65    	0       	5.5193e-09
0.65    	0.05    	1.833e-06
0.65    	0.1     	3.534e-06
0.65    	0.15    	5.031e-06
0.65    	0.2     	6.2118e-06
0.65    	0.25    	7.0218e-06
0.65    	0.3     	7.6106e-06
0.65    	0.35    	7.9541e-06
0.65    	0.4     	8.1278e-06
0.65    	0.45    	8.1904e-06
0.65    	0.5     	8.2137e-06
0.65    	0.55    	8.2229e-06
0.65    	0.6     	8.2271e-06
0.65    	0.65    	8.2297e-06
0.65    	0.7     	8.2314e-06
0.7     	0       	5.5183e-09
0.7     	0.05    	1.8406e-06
0.7     	0.1     	3.5609e-06
0.7     	0.15    	5.084e-06
0.7     	0.2     	6.3636e-06
0.7     	0.25    	7.2781e-06
0.7     	0.3     	7.9802e-06
0.7     	0.35    	8.4671e-06
0.7     	0.4     	8.7837e-06
0.7     	0.45    	8.9742e-06
0.7     	0.5     	9.0621e-06
0.7     	0.55    	9.1001e-06
0.7     	0.6     	9.1151e-06
0.7     	0.65    	9.1224e-06
0.7     	0.7     	9.1262e-06
