vg      	vd      	ids     
0       	0       	1.9256e-15
0       	0.05    	1.2175e-12
0       	0.1     	1.3943e-12
0       	0.15    	1.4215e-12
0       	0.2     	1.4267e-12
0       	0.25    	1.4287e-12
0       	0.3     	1.4301e-12
0       	0.35    	1.4313e-12
0       	0.4     	1.4324e-12
0       	0.45    	1.4334e-12
0       	0.5     	1.4344e-12
0       	0.55    	1.4354e-12
0       	0.6     	1.4362e-12
0       	0.65    	1.4371e-12
0       	0.7     	1.4379e-12
0.05    	0       	1.4212e-14
0.05    	0.05    	8.3696e-12
0.05    	0.1     	9.5976e-12
0.05    	0.15    	9.7854e-12
0.05    	0.2     	9.8225e-12
0.05    	0.25    	9.8368e-12
0.05    	0.3     	9.8471e-12
0.05    	0.35    	9.8561e-12
0.05    	0.4     	9.8643e-12
0.05    	0.45    	9.872e-12
0.05    	0.5     	9.8792e-12
0.05    	0.55    	9.8859e-12
0.05    	0.6     	9.8923e-12
0.05    	0.65    	9.8983e-12
0.05    	0.7     	9.904e-12
0.1     	0       	1.1406e-13
0.1     	0.05    	5.7358e-11
0.1     	0.1     	6.581e-11
0.1     	0.15    	6.7123e-11
0.1     	0.2     	6.7387e-11
0.1     	0.25    	6.7493e-11
0.1     	0.3     	6.7569e-11
0.1     	0.35    	6.7635e-11
0.1     	0.4     	6.7696e-11
0.1     	0.45    	6.7752e-11
0.1     	0.5     	6.7804e-11
0.1     	0.55    	6.7853e-11
0.1     	0.6     	6.7899e-11
0.1     	0.65    	6.7942e-11
0.1     	0.7     	6.7983e-11
0.15    	0       	6.6035e-13
0.15    	0.05    	3.9718e-10
0.15    	0.1     	4.5519e-10
0.15    	0.15    	4.6432e-10
0.15    	0.2     	4.6623e-10
0.15    	0.25    	4.6702e-10
0.15    	0.3     	4.676e-10
0.15    	0.35    	4.681e-10
0.15    	0.4     	4.6855e-10
0.15    	0.45    	4.6896e-10
0.15    	0.5     	4.6935e-10
0.15    	0.55    	4.697e-10
0.15    	0.6     	4.7004e-10
0.15    	0.65    	4.7035e-10
0.15    	0.7     	4.7064e-10
0.2     	0       	4.9371e-12
0.2     	0.05    	2.6954e-09
0.2     	0.1     	3.0983e-09
0.2     	0.15    	3.1617e-09
0.2     	0.2     	3.1756e-09
0.2     	0.25    	3.1815e-09
0.2     	0.3     	3.1858e-09
0.2     	0.35    	3.1895e-09
0.2     	0.4     	3.1928e-09
0.2     	0.45    	3.1959e-09
0.2     	0.5     	3.1986e-09
0.2     	0.55    	3.2012e-09
0.2     	0.6     	3.2036e-09
0.2     	0.65    	3.2058e-09
0.2     	0.7     	3.2079e-09
0.25    	0       	2.6743e-11
0.25    	0.05    	1.777e-08
0.25    	0.1     	2.0529e-08
0.25    	0.15    	2.0975e-08
0.25    	0.2     	2.1075e-08
0.25    	0.25    	2.1119e-08
0.25    	0.3     	2.1151e-08
0.25    	0.35    	2.1177e-08
0.25    	0.4     	2.1201e-08
0.25    	0.45    	2.1222e-08
0.25    	0.5     	2.1242e-08
0.25    	0.55    	2.1259e-08
0.25    	0.6     	2.1276e-08
0.25    	0.65    	2.1291e-08
0.25    	0.7     	2.1305e-08
0.3     	0       	1.2665e-10
0.3     	0.05    	9.8516e-08
0.3     	0.1     	1.1672e-07
0.3     	0.15    	1.1981e-07
0.3     	0.2     	1.2049e-07
0.3     	0.25    	1.2077e-07
0.3     	0.3     	1.2096e-07
0.3     	0.35    	1.2112e-07
0.3     	0.4     	1.2126e-07
0.3     	0.45    	1.2138e-07
0.3     	0.5     	1.2149e-07
0.3     	0.55    	1.2159e-07
0.3     	0.6     	1.2168e-07
0.3     	0.65    	1.2176e-07
0.3     	0.7     	1.2184e-07
0.35    	0       	3.3455e-10
0.35    	0.05    	3.3282e-07
0.35    	0.1     	4.3132e-07
0.35    	0.15    	4.5162e-07
0.35    	0.2     	4.5563e-07
0.35    	0.25    	4.5694e-07
0.35    	0.3     	4.5769e-07
0.35    	0.35    	4.5827e-07
0.35    	0.4     	4.5875e-07
0.35    	0.45    	4.5916e-07
0.35    	0.5     	4.5957e-07
0.35    	0.55    	4.599e-07
0.35    	0.6     	4.602e-07
0.35    	0.65    	4.6047e-07
0.35    	0.7     	4.6072e-07
0.4     	0       	5.1852e-10
0.4     	0.05    	6.2386e-07
0.4     	0.1     	9.4613e-07
0.4     	0.15    	1.0458e-06
0.4     	0.2     	1.0673e-06
0.4     	0.25    	1.0727e-06
0.4     	0.3     	1.0751e-06
0.4     	0.35    	1.0765e-06
0.4     	0.4     	1.0775e-06
0.4     	0.45    	1.0783e-06
0.4     	0.5     	1.0791e-06
0.4     	0.55    	1.0798e-06
0.4     	0.6     	1.0804e-06
0.4     	0.65    	1.0809e-06
0.4     	0.7     	1.0814e-06
0.45    	0       	6.3996e-10
0.45    	0.05    	8.2744e-07
0.45    	0.1     	1.4201e-06
0.45    	0.15    	1.7216e-06
0.45    	0.2     	1.8216e-06
0.45    	0.25    	1.8467e-06
0.45    	0.3     	1.8534e-06
0.45    	0.35    	1.8565e-06
0.45    	0.4     	1.8583e-06
0.45    	0.45    	1.8597e-06
0.45    	0.5     	1.861e-06
0.45    	0.55    	1.862e-06
0.45    	0.6     	1.8628e-06
0.45    	0.65    	1.8636e-06
0.45    	0.7     	1.8644e-06
0.5     	0       	7.2246e-10
0.5     	0.05    	9.4761e-07
0.5     	0.1     	1.7294e-06
0.5     	0.15    	2.2614e-06
0.5     	0.2     	2.545e-06
0.5     	0.25    	2.6434e-06
0.5     	0.3     	2.6715e-06
0.5     	0.35    	2.6801e-06
0.5     	0.4     	2.6836e-06
0.5     	0.45    	2.6858e-06
0.5     	0.5     	2.6875e-06
0.5     	0.55    	2.6888e-06
0.5     	0.6     	2.69e-06
0.5     	0.65    	2.691e-06
0.5     	0.7     	2.6918e-06
0.55    	0       	7.8028e-10
0.55    	0.05    	1.0207e-06
0.55    	0.1     	1.9127e-06
0.55    	0.15    	2.5996e-06
0.55    	0.2     	3.0498e-06
0.55    	0.25    	3.3144e-06
0.55    	0.3     	3.4271e-06
0.55    	0.35    	3.4594e-06
0.55    	0.4     	3.4701e-06
0.55    	0.45    	3.4745e-06
0.55    	0.5     	3.477e-06
0.55    	0.55    	3.4789e-06
0.55    	0.6     	3.4802e-06
0.55    	0.65    	3.4814e-06
0.55    	0.7     	3.4823e-06
0.6     	0       	8.0984e-10
0.6     	0.05    	1.06e-06
0.6     	0.1     	2.017e-06
0.6     	0.15    	2.7937e-06
0.6     	0.2     	3.354e-06
0.6     	0.25    	3.7505e-06
0.6     	0.3     	3.9946e-06
0.6     	0.35    	4.1057e-06
0.6     	0.4     	4.1498e-06
0.6     	0.45    	4.1652e-06
0.6     	0.5     	4.1717e-06
0.6     	0.55    	4.1748e-06
0.6     	0.6     	4.1769e-06
0.6     	0.65    	4.1782e-06
0.6     	0.7     	4.1792e-06
0.65    	0       	8.3273e-10
0.65    	0.05    	1.0757e-06
0.65    	0.1     	2.0665e-06
0.65    	0.15    	2.8935e-06
0.65    	0.2     	3.5105e-06
0.65    	0.25    	3.9779e-06
0.65    	0.3     	4.2978e-06
0.65    	0.35    	4.5134e-06
0.65    	0.4     	4.6333e-06
0.65    	0.45    	4.6893e-06
0.65    	0.5     	4.714e-06
0.65    	0.55    	4.7241e-06
0.65    	0.6     	4.729e-06
0.65    	0.65    	4.7314e-06
0.65    	0.7     	4.7324e-06
0.7     	0       	8.5307e-10
0.7     	0.05    	1.0882e-06
0.7     	0.1     	2.0944e-06
0.7     	0.15    	2.9492e-06
0.7     	0.2     	3.6068e-06
0.7     	0.25    	4.1096e-06
0.7     	0.3     	4.4679e-06
0.7     	0.35    	4.7192e-06
0.7     	0.4     	4.8977e-06
0.7     	0.45    	5.0044e-06
0.7     	0.5     	5.0673e-06
0.7     	0.55    	5.0991e-06
0.7     	0.6     	5.1132e-06
0.7     	0.65    	5.1175e-06
0.7     	0.7     	5.1191e-06
