vg      	vd      	ids     
0       	0       	4.1724e-14
0       	0.05    	7.8552e-11
0       	0.1     	9.0242e-11
0       	0.15    	9.211e-11
0       	0.2     	9.2525e-11
0       	0.25    	9.2714e-11
0       	0.3     	9.2859e-11
0       	0.35    	9.2987e-11
0       	0.4     	9.3106e-11
0       	0.45    	9.3216e-11
0       	0.5     	9.3319e-11
0       	0.55    	9.3417e-11
0       	0.6     	9.3509e-11
0       	0.65    	9.3597e-11
0       	0.7     	9.368e-11
0.05    	0       	-5.0797e-12
0.05    	0.05    	5.3202e-10
0.05    	0.1     	6.1192e-10
0.05    	0.15    	6.2479e-10
0.05    	0.2     	6.2772e-10
0.05    	0.25    	6.2908e-10
0.05    	0.3     	6.3013e-10
0.05    	0.35    	6.3105e-10
0.05    	0.4     	6.319e-10
0.05    	0.45    	6.3267e-10
0.05    	0.5     	6.334e-10
0.05    	0.55    	6.3407e-10
0.05    	0.6     	6.3471e-10
0.05    	0.65    	6.3532e-10
0.05    	0.7     	6.3589e-10
0.1     	0       	-2.0554e-13
0.1     	0.05    	3.6056e-09
0.1     	0.1     	4.1536e-09
0.1     	0.15    	4.2426e-09
0.1     	0.2     	4.2634e-09
0.1     	0.25    	4.2733e-09
0.1     	0.3     	4.2808e-09
0.1     	0.35    	4.2875e-09
0.1     	0.4     	4.2935e-09
0.1     	0.45    	4.299e-09
0.1     	0.5     	4.304e-09
0.1     	0.55    	4.3087e-09
0.1     	0.6     	4.3131e-09
0.1     	0.65    	4.3173e-09
0.1     	0.7     	4.3212e-09
0.15    	0       	2.6049e-12
0.15    	0.05    	2.3415e-08
0.15    	0.1     	2.7098e-08
0.15    	0.15    	2.7713e-08
0.15    	0.2     	2.7859e-08
0.15    	0.25    	2.7929e-08
0.15    	0.3     	2.7981e-08
0.15    	0.35    	2.8026e-08
0.15    	0.4     	2.8066e-08
0.15    	0.45    	2.8103e-08
0.15    	0.5     	2.8136e-08
0.15    	0.55    	2.8167e-08
0.15    	0.6     	2.8196e-08
0.15    	0.65    	2.8222e-08
0.15    	0.7     	2.8247e-08
0.2     	0       	3.3353e-11
0.2     	0.05    	1.3344e-07
0.2     	0.1     	1.5734e-07
0.2     	0.15    	1.6147e-07
0.2     	0.2     	1.6244e-07
0.2     	0.25    	1.6287e-07
0.2     	0.3     	1.6317e-07
0.2     	0.35    	1.6343e-07
0.2     	0.4     	1.6366e-07
0.2     	0.45    	1.6386e-07
0.2     	0.5     	1.6404e-07
0.2     	0.55    	1.6421e-07
0.2     	0.6     	1.6436e-07
0.2     	0.65    	1.6451e-07
0.2     	0.7     	1.6464e-07
0.25    	0       	1.3938e-10
0.25    	0.05    	5.1439e-07
0.25    	0.1     	6.4437e-07
0.25    	0.15    	6.691e-07
0.25    	0.2     	6.7448e-07
0.25    	0.25    	6.7647e-07
0.25    	0.3     	6.7772e-07
0.25    	0.35    	6.7871e-07
0.25    	0.4     	6.7956e-07
0.25    	0.45    	6.8031e-07
0.25    	0.5     	6.8097e-07
0.25    	0.55    	6.8157e-07
0.25    	0.6     	6.8212e-07
0.25    	0.65    	6.8262e-07
0.25    	0.7     	6.8308e-07
0.3     	0       	3.036e-10
0.3     	0.05    	1.1577e-06
0.3     	0.1     	1.6203e-06
0.3     	0.15    	1.7333e-06
0.3     	0.2     	1.758e-06
0.3     	0.25    	1.7652e-06
0.3     	0.3     	1.7688e-06
0.3     	0.35    	1.7714e-06
0.3     	0.4     	1.7734e-06
0.3     	0.45    	1.7755e-06
0.3     	0.5     	1.777e-06
0.3     	0.55    	1.7784e-06
0.3     	0.6     	1.7796e-06
0.3     	0.65    	1.7807e-06
0.3     	0.7     	1.7817e-06
0.35    	0       	4.7403e-10
0.35    	0.05    	1.7975e-06
0.35    	0.1     	2.8301e-06
0.35    	0.15    	3.1895e-06
0.35    	0.2     	3.2858e-06
0.35    	0.25    	3.3092e-06
0.35    	0.3     	3.3178e-06
0.35    	0.35    	3.3234e-06
0.35    	0.4     	3.327e-06
0.35    	0.45    	3.33e-06
0.35    	0.5     	3.3325e-06
0.35    	0.55    	3.3347e-06
0.35    	0.6     	3.3367e-06
0.35    	0.65    	3.3387e-06
0.35    	0.7     	3.3403e-06
0.4     	0       	6.3055e-10
0.4     	0.05    	2.302e-06
0.4     	0.1     	3.9458e-06
0.4     	0.15    	4.7757e-06
0.4     	0.2     	5.0485e-06
0.4     	0.25    	5.12e-06
0.4     	0.3     	5.1411e-06
0.4     	0.35    	5.1512e-06
0.4     	0.4     	5.1569e-06
0.4     	0.45    	5.1613e-06
0.4     	0.5     	5.1649e-06
0.4     	0.55    	5.168e-06
0.4     	0.6     	5.1711e-06
0.4     	0.65    	5.1735e-06
0.4     	0.7     	5.1757e-06
0.45    	0       	7.7204e-10
0.45    	0.05    	2.6738e-06
0.45    	0.1     	4.8267e-06
0.45    	0.15    	6.2215e-06
0.45    	0.2     	6.8414e-06
0.45    	0.25    	7.0453e-06
0.45    	0.3     	7.1013e-06
0.45    	0.35    	7.1215e-06
0.45    	0.4     	7.1307e-06
0.45    	0.45    	7.1368e-06
0.45    	0.5     	7.1416e-06
0.45    	0.55    	7.146e-06
0.45    	0.6     	7.1495e-06
0.45    	0.65    	7.1525e-06
0.45    	0.7     	7.1552e-06
0.5     	0       	8.9309e-10
0.5     	0.05    	2.9455e-06
0.5     	0.1     	5.468e-06
0.5     	0.15    	7.3707e-06
0.5     	0.2     	8.4266e-06
0.5     	0.25    	8.932e-06
0.5     	0.3     	9.0879e-06
0.5     	0.35    	9.1356e-06
0.5     	0.4     	9.1526e-06
0.5     	0.45    	9.1616e-06
0.5     	0.5     	9.1684e-06
0.5     	0.55    	9.1734e-06
0.5     	0.6     	9.1775e-06
0.5     	0.65    	9.1813e-06
0.5     	0.7     	9.1845e-06
0.55    	0       	9.823e-10
0.55    	0.05    	3.1444e-06
0.55    	0.1     	5.9261e-06
0.55    	0.15    	8.2015e-06
0.55    	0.2     	9.7434e-06
0.55    	0.25    	1.06e-05
0.55    	0.3     	1.0982e-05
0.55    	0.35    	1.1104e-05
0.55    	0.4     	1.1142e-05
0.55    	0.45    	1.1159e-05
0.55    	0.5     	1.1168e-05
0.55    	0.55    	1.1174e-05
0.55    	0.6     	1.1179e-05
0.55    	0.65    	1.1183e-05
0.55    	0.7     	1.1187e-05
0.6     	0       	1.0294e-09
0.6     	0.05    	3.2779e-06
0.6     	0.1     	6.2674e-06
0.6     	0.15    	8.7684e-06
0.6     	0.2     	1.0652e-05
0.6     	0.25    	1.1886e-05
0.6     	0.3     	1.2603e-05
0.6     	0.35    	1.2904e-05
0.6     	0.4     	1.3017e-05
0.6     	0.45    	1.3052e-05
0.6     	0.5     	1.3068e-05
0.6     	0.55    	1.3076e-05
0.6     	0.6     	1.3082e-05
0.6     	0.65    	1.3087e-05
0.6     	0.7     	1.3091e-05
0.65    	0       	1.037e-09
0.65    	0.05    	3.3533e-06
0.65    	0.1     	6.4572e-06
0.65    	0.15    	9.1443e-06
0.65    	0.2     	1.1251e-05
0.65    	0.25    	1.2756e-05
0.65    	0.3     	1.3743e-05
0.65    	0.35    	1.4384e-05
0.65    	0.4     	1.4655e-05
0.65    	0.45    	1.4753e-05
0.65    	0.5     	1.479e-05
0.65    	0.55    	1.4805e-05
0.65    	0.6     	1.4813e-05
0.65    	0.65    	1.4819e-05
0.65    	0.7     	1.4823e-05
0.7     	0       	1.0064e-09
0.7     	0.05    	3.3706e-06
0.7     	0.1     	6.5397e-06
0.7     	0.15    	9.3169e-06
0.7     	0.2     	1.1586e-05
0.7     	0.25    	1.3299e-05
0.7     	0.3     	1.4487e-05
0.7     	0.35    	1.5399e-05
0.7     	0.4     	1.5905e-05
0.7     	0.45    	1.6169e-05
0.7     	0.5     	1.6268e-05
0.7     	0.55    	1.6306e-05
0.7     	0.6     	1.6323e-05
0.7     	0.65    	1.6331e-05
0.7     	0.7     	1.6336e-05
