vg      	vd      	ids     
0       	0       	-1.1733e-14
0       	0.05    	3.56e-11
0       	0.1     	4.0793e-11
0       	0.15    	4.1599e-11
0       	0.2     	4.176e-11
0       	0.25    	4.1824e-11
0       	0.3     	4.1869e-11
0       	0.35    	4.191e-11
0       	0.4     	4.1947e-11
0       	0.45    	4.1982e-11
0       	0.5     	4.2014e-11
0       	0.55    	4.2044e-11
0       	0.6     	4.2073e-11
0       	0.65    	4.21e-11
0       	0.7     	4.2125e-11
0.05    	0       	-6.7553e-14
0.05    	0.05    	2.4413e-10
0.05    	0.1     	2.8023e-10
0.05    	0.15    	2.8582e-10
0.05    	0.2     	2.8697e-10
0.05    	0.25    	2.8744e-10
0.05    	0.3     	2.8779e-10
0.05    	0.35    	2.8808e-10
0.05    	0.4     	2.8835e-10
0.05    	0.45    	2.886e-10
0.05    	0.5     	2.8884e-10
0.05    	0.55    	2.8906e-10
0.05    	0.6     	2.8926e-10
0.05    	0.65    	2.8945e-10
0.05    	0.7     	2.8964e-10
0.1     	0       	-2.6486e-13
0.1     	0.05    	1.6626e-09
0.1     	0.1     	1.9106e-09
0.1     	0.15    	1.9498e-09
0.1     	0.2     	1.958e-09
0.1     	0.25    	1.9615e-09
0.1     	0.3     	1.9641e-09
0.1     	0.35    	1.9663e-09
0.1     	0.4     	1.9682e-09
0.1     	0.45    	1.9701e-09
0.1     	0.5     	1.9718e-09
0.1     	0.55    	1.9733e-09
0.1     	0.6     	1.9748e-09
0.1     	0.65    	1.9761e-09
0.1     	0.7     	1.9774e-09
0.15    	0       	-3.8808e-12
0.15    	0.05    	1.1191e-08
0.15    	0.1     	1.2883e-08
0.15    	0.15    	1.3156e-08
0.15    	0.2     	1.3216e-08
0.15    	0.25    	1.3241e-08
0.15    	0.3     	1.326e-08
0.15    	0.35    	1.3276e-08
0.15    	0.4     	1.3291e-08
0.15    	0.45    	1.3304e-08
0.15    	0.5     	1.3315e-08
0.15    	0.55    	1.3326e-08
0.15    	0.6     	1.3337e-08
0.15    	0.65    	1.3346e-08
0.15    	0.7     	1.3355e-08
0.2     	0       	-2.3846e-11
0.2     	0.05    	6.8548e-08
0.2     	0.1     	7.999e-08
0.2     	0.15    	8.1876e-08
0.2     	0.2     	8.2295e-08
0.2     	0.25    	8.2473e-08
0.2     	0.3     	8.2599e-08
0.2     	0.35    	8.2705e-08
0.2     	0.4     	8.2797e-08
0.2     	0.45    	8.288e-08
0.2     	0.5     	8.2955e-08
0.2     	0.55    	8.3023e-08
0.2     	0.6     	8.3086e-08
0.2     	0.65    	8.3141e-08
0.2     	0.7     	8.3196e-08
0.25    	0       	-5.7249e-11
0.25    	0.05    	2.9888e-07
0.25    	0.1     	3.6826e-07
0.25    	0.15    	3.8071e-07
0.25    	0.2     	3.8331e-07
0.25    	0.25    	3.8426e-07
0.25    	0.3     	3.8486e-07
0.25    	0.35    	3.8534e-07
0.25    	0.4     	3.8574e-07
0.25    	0.45    	3.861e-07
0.25    	0.5     	3.8642e-07
0.25    	0.55    	3.8671e-07
0.25    	0.6     	3.8697e-07
0.25    	0.65    	3.8721e-07
0.25    	0.7     	3.8744e-07
0.3     	0       	-7.7503e-11
0.3     	0.05    	7.2061e-07
0.3     	0.1     	1.0112e-06
0.3     	0.15    	1.0809e-06
0.3     	0.2     	1.0953e-06
0.3     	0.25    	1.0996e-06
0.3     	0.3     	1.1015e-06
0.3     	0.35    	1.1028e-06
0.3     	0.4     	1.1038e-06
0.3     	0.45    	1.1047e-06
0.3     	0.5     	1.1055e-06
0.3     	0.55    	1.1063e-06
0.3     	0.6     	1.107e-06
0.3     	0.65    	1.1075e-06
0.3     	0.7     	1.1081e-06
0.35    	0       	-8.4477e-11
0.35    	0.05    	1.096e-06
0.35    	0.1     	1.778e-06
0.35    	0.15    	2.0504e-06
0.35    	0.2     	2.121e-06
0.35    	0.25    	2.137e-06
0.35    	0.3     	2.1421e-06
0.35    	0.35    	2.1452e-06
0.35    	0.4     	2.1471e-06
0.35    	0.45    	2.1487e-06
0.35    	0.5     	2.15e-06
0.35    	0.55    	2.1514e-06
0.35    	0.6     	2.1524e-06
0.35    	0.65    	2.1533e-06
0.35    	0.7     	2.1542e-06
0.4     	0       	-8.5074e-11
0.4     	0.05    	1.3333e-06
0.4     	0.1     	2.3669e-06
0.4     	0.15    	2.9819e-06
0.4     	0.2     	3.2331e-06
0.4     	0.25    	3.3052e-06
0.4     	0.3     	3.3239e-06
0.4     	0.35    	3.3301e-06
0.4     	0.4     	3.3338e-06
0.4     	0.45    	3.3362e-06
0.4     	0.5     	3.3381e-06
0.4     	0.55    	3.3398e-06
0.4     	0.6     	3.3413e-06
0.4     	0.65    	3.3425e-06
0.4     	0.7     	3.3437e-06
0.45    	0       	-8.5659e-11
0.45    	0.05    	1.4723e-06
0.45    	0.1     	2.7279e-06
0.45    	0.15    	3.6412e-06
0.45    	0.2     	4.1922e-06
0.45    	0.25    	4.4211e-06
0.45    	0.3     	4.4961e-06
0.45    	0.35    	4.5155e-06
0.45    	0.4     	4.5231e-06
0.45    	0.45    	4.5269e-06
0.45    	0.5     	4.5297e-06
0.45    	0.55    	4.5317e-06
0.45    	0.6     	4.5334e-06
0.45    	0.65    	4.535e-06
0.45    	0.7     	4.5363e-06
0.5     	0       	-8.6756e-11
0.5     	0.05    	1.526e-06
0.5     	0.1     	2.9146e-06
0.5     	0.15    	4.0191e-06
0.5     	0.2     	4.7805e-06
0.5     	0.25    	5.2663e-06
0.5     	0.3     	5.5049e-06
0.5     	0.35    	5.5836e-06
0.5     	0.4     	5.6073e-06
0.5     	0.45    	5.6158e-06
0.5     	0.5     	5.62e-06
0.5     	0.55    	5.623e-06
0.5     	0.6     	5.625e-06
0.5     	0.65    	5.6268e-06
0.5     	0.7     	5.6282e-06
0.55    	0       	-8.1971e-11
0.55    	0.05    	1.5316e-06
0.55    	0.1     	2.9615e-06
0.55    	0.15    	4.1734e-06
0.55    	0.2     	5.0643e-06
0.55    	0.25    	5.72e-06
0.55    	0.3     	6.1373e-06
0.55    	0.35    	6.3744e-06
0.55    	0.4     	6.4717e-06
0.55    	0.45    	6.5036e-06
0.55    	0.5     	6.5157e-06
0.55    	0.55    	6.5211e-06
0.55    	0.6     	6.5243e-06
0.55    	0.65    	6.5266e-06
0.55    	0.7     	6.5283e-06
0.6     	0       	-8.183e-11
0.6     	0.05    	1.5352e-06
0.6     	0.1     	2.9688e-06
0.6     	0.15    	4.205e-06
0.6     	0.2     	5.1759e-06
0.6     	0.25    	5.9229e-06
0.6     	0.3     	6.4372e-06
0.6     	0.35    	6.8005e-06
0.6     	0.4     	7.0147e-06
0.6     	0.45    	7.1186e-06
0.6     	0.5     	7.1637e-06
0.6     	0.55    	7.1812e-06
0.6     	0.6     	7.1887e-06
0.6     	0.65    	7.1927e-06
0.6     	0.7     	7.1952e-06
0.65    	0       	-8.3737e-11
0.65    	0.05    	1.5361e-06
0.65    	0.1     	2.9736e-06
0.65    	0.15    	4.2176e-06
0.65    	0.2     	5.2046e-06
0.65    	0.25    	5.9963e-06
0.65    	0.3     	6.5818e-06
0.65    	0.35    	6.9894e-06
0.65    	0.4     	7.2865e-06
0.65    	0.45    	7.4767e-06
0.65    	0.5     	7.5831e-06
0.65    	0.55    	7.6391e-06
0.65    	0.6     	7.6619e-06
0.65    	0.65    	7.6728e-06
0.65    	0.7     	7.678e-06
0.7     	0       	-8.6162e-11
0.7     	0.05    	1.5386e-06
0.7     	0.1     	2.9688e-06
0.7     	0.15    	4.2292e-06
0.7     	0.2     	5.2276e-06
0.7     	0.25    	6.0319e-06
0.7     	0.3     	6.6372e-06
0.7     	0.35    	7.0911e-06
0.7     	0.4     	7.4276e-06
0.7     	0.45    	7.6736e-06
0.7     	0.5     	7.8393e-06
0.7     	0.55    	7.9417e-06
0.7     	0.6     	8.0019e-06
0.7     	0.65    	8.0329e-06
0.7     	0.7     	8.048e-06
