vg      	vd      	ids     
0       	0       	3.6714e-11
0       	0.05    	1.5339e-08
0       	0.1     	1.8789e-08
0       	0.15    	2.0201e-08
0       	0.2     	2.1223e-08
0       	0.25    	2.2178e-08
0       	0.3     	2.3103e-08
0       	0.35    	2.4001e-08
0       	0.4     	2.4863e-08
0       	0.45    	2.5674e-08
0       	0.5     	2.6429e-08
0       	0.55    	2.714e-08
0       	0.6     	2.7823e-08
0       	0.65    	2.8487e-08
0       	0.7     	2.914e-08
0.05    	0       	1.8034e-10
0.05    	0.05    	8.0382e-08
0.05    	0.1     	9.9013e-08
0.05    	0.15    	1.0628e-07
0.05    	0.2     	1.1143e-07
0.05    	0.25    	1.1592e-07
0.05    	0.3     	1.1996e-07
0.05    	0.35    	1.2365e-07
0.05    	0.4     	1.2708e-07
0.05    	0.45    	1.304e-07
0.05    	0.5     	1.3366e-07
0.05    	0.55    	1.3681e-07
0.05    	0.6     	1.3988e-07
0.05    	0.65    	1.4289e-07
0.05    	0.7     	1.4578e-07
0.1     	0       	6.3491e-10
0.1     	0.05    	3.2882e-07
0.1     	0.1     	4.1321e-07
0.1     	0.15    	4.4139e-07
0.1     	0.2     	4.5779e-07
0.1     	0.25    	4.7107e-07
0.1     	0.3     	4.8305e-07
0.1     	0.35    	4.9413e-07
0.1     	0.4     	5.0444e-07
0.1     	0.45    	5.14e-07
0.1     	0.5     	5.2287e-07
0.1     	0.55    	5.3116e-07
0.1     	0.6     	5.3898e-07
0.1     	0.65    	5.4642e-07
0.1     	0.7     	5.5432e-07
0.15    	0       	1.4193e-09
0.15    	0.05    	8.9045e-07
0.15    	0.1     	1.1713e-06
0.15    	0.15    	1.2501e-06
0.15    	0.2     	1.2857e-06
0.15    	0.25    	1.3106e-06
0.15    	0.3     	1.3316e-06
0.15    	0.35    	1.3503e-06
0.15    	0.4     	1.3695e-06
0.15    	0.45    	1.3854e-06
0.15    	0.5     	1.4002e-06
0.15    	0.55    	1.4142e-06
0.15    	0.6     	1.4274e-06
0.15    	0.65    	1.4399e-06
0.15    	0.7     	1.4517e-06
0.2     	0       	2.2469e-09
0.2     	0.05    	1.6611e-06
0.2     	0.1     	2.3272e-06
0.2     	0.15    	2.5187e-06
0.2     	0.2     	2.5874e-06
0.2     	0.25    	2.6237e-06
0.2     	0.3     	2.6516e-06
0.2     	0.35    	2.6758e-06
0.2     	0.4     	2.6974e-06
0.2     	0.45    	2.7171e-06
0.2     	0.5     	2.7353e-06
0.2     	0.55    	2.7522e-06
0.2     	0.6     	2.7681e-06
0.2     	0.65    	2.7831e-06
0.2     	0.7     	2.799e-06
0.25    	0       	2.9528e-09
0.25    	0.05    	2.4519e-06
0.25    	0.1     	3.6966e-06
0.25    	0.15    	4.0872e-06
0.25    	0.2     	4.2074e-06
0.25    	0.25    	4.2586e-06
0.25    	0.3     	4.2933e-06
0.25    	0.35    	4.3217e-06
0.25    	0.4     	4.3466e-06
0.25    	0.45    	4.3689e-06
0.25    	0.5     	4.3894e-06
0.25    	0.55    	4.4105e-06
0.25    	0.6     	4.4282e-06
0.25    	0.65    	4.4445e-06
0.25    	0.7     	4.4599e-06
0.3     	0       	3.5275e-09
0.3     	0.05    	3.1631e-06
0.3     	0.1     	5.0863e-06
0.3     	0.15    	5.8052e-06
0.3     	0.2     	6.0283e-06
0.3     	0.25    	6.1042e-06
0.3     	0.3     	6.1475e-06
0.3     	0.35    	6.1802e-06
0.3     	0.4     	6.2079e-06
0.3     	0.45    	6.2349e-06
0.3     	0.5     	6.2571e-06
0.3     	0.55    	6.2771e-06
0.3     	0.6     	6.2955e-06
0.3     	0.65    	6.3126e-06
0.3     	0.7     	6.3287e-06
0.35    	0       	3.9946e-09
0.35    	0.05    	3.7659e-06
0.35    	0.1     	6.3375e-06
0.35    	0.15    	7.5829e-06
0.35    	0.2     	7.9608e-06
0.35    	0.25    	8.0865e-06
0.35    	0.3     	8.1433e-06
0.35    	0.35    	8.1816e-06
0.35    	0.4     	8.2124e-06
0.35    	0.45    	8.2414e-06
0.35    	0.5     	8.2651e-06
0.35    	0.55    	8.2861e-06
0.35    	0.6     	8.3053e-06
0.35    	0.65    	8.323e-06
0.35    	0.7     	8.3395e-06
0.4     	0       	4.3798e-09
0.4     	0.05    	4.2636e-06
0.4     	0.1     	7.4615e-06
0.4     	0.15    	9.2704e-06
0.4     	0.2     	9.9523e-06
0.4     	0.25    	1.0155e-05
0.4     	0.3     	1.0233e-05
0.4     	0.35    	1.0279e-05
0.4     	0.4     	1.0314e-05
0.4     	0.45    	1.0345e-05
0.4     	0.5     	1.037e-05
0.4     	0.55    	1.0392e-05
0.4     	0.6     	1.0412e-05
0.4     	0.65    	1.043e-05
0.4     	0.7     	1.0447e-05
0.45    	0       	4.7052e-09
0.45    	0.05    	4.6708e-06
0.45    	0.1     	8.4125e-06
0.45    	0.15    	1.0833e-05
0.45    	0.2     	1.1899e-05
0.45    	0.25    	1.2257e-05
0.45    	0.3     	1.2382e-05
0.45    	0.35    	1.244e-05
0.45    	0.4     	1.248e-05
0.45    	0.45    	1.2511e-05
0.45    	0.5     	1.254e-05
0.45    	0.55    	1.2564e-05
0.45    	0.6     	1.2584e-05
0.45    	0.65    	1.2603e-05
0.45    	0.7     	1.2621e-05
0.5     	0       	4.9848e-09
0.5     	0.05    	5.0045e-06
0.5     	0.1     	9.2006e-06
0.5     	0.15    	1.2198e-05
0.5     	0.2     	1.3757e-05
0.5     	0.25    	1.4352e-05
0.5     	0.3     	1.4549e-05
0.5     	0.35    	1.4635e-05
0.5     	0.4     	1.4683e-05
0.5     	0.45    	1.4718e-05
0.5     	0.5     	1.4748e-05
0.5     	0.55    	1.4773e-05
0.5     	0.6     	1.4794e-05
0.5     	0.65    	1.4813e-05
0.5     	0.7     	1.4832e-05
0.55    	0       	5.2279e-09
0.55    	0.05    	5.2794e-06
0.55    	0.1     	9.8478e-06
0.55    	0.15    	1.3347e-05
0.55    	0.2     	1.5436e-05
0.55    	0.25    	1.6374e-05
0.55    	0.3     	1.6712e-05
0.55    	0.35    	1.6836e-05
0.55    	0.4     	1.6896e-05
0.55    	0.45    	1.6936e-05
0.55    	0.5     	1.6969e-05
0.55    	0.55    	1.6995e-05
0.55    	0.6     	1.7017e-05
0.55    	0.65    	1.7036e-05
0.55    	0.7     	1.7054e-05
0.6     	0       	5.4407e-09
0.6     	0.05    	5.5079e-06
0.6     	0.1     	1.038e-05
0.6     	0.15    	1.4293e-05
0.6     	0.2     	1.6883e-05
0.6     	0.25    	1.8248e-05
0.6     	0.3     	1.8809e-05
0.6     	0.35    	1.9015e-05
0.6     	0.4     	1.9098e-05
0.6     	0.45    	1.9146e-05
0.6     	0.5     	1.9182e-05
0.6     	0.55    	1.921e-05
0.6     	0.6     	1.9233e-05
0.6     	0.65    	1.9254e-05
0.6     	0.7     	1.9272e-05
0.65    	0       	5.6277e-09
0.65    	0.05    	5.7e-06 
0.65    	0.1     	1.082e-05
0.65    	0.15    	1.5063e-05
0.65    	0.2     	1.7972e-05
0.65    	0.25    	1.9901e-05
0.65    	0.3     	2.078e-05
0.65    	0.35    	2.113e-05
0.65    	0.4     	2.1263e-05
0.65    	0.45    	2.133e-05
0.65    	0.5     	2.137e-05
0.65    	0.55    	2.14e-05
0.65    	0.6     	2.1426e-05
0.65    	0.65    	2.1447e-05
0.65    	0.7     	2.1465e-05
0.7     	0       	5.7931e-09
0.7     	0.05    	5.8624e-06
0.7     	0.1     	1.1186e-05
0.7     	0.15    	1.569e-05
0.7     	0.2     	1.8928e-05
0.7     	0.25    	2.1278e-05
0.7     	0.3     	2.2532e-05
0.7     	0.35    	2.3136e-05
0.7     	0.4     	2.3356e-05
0.7     	0.45    	2.3453e-05
0.7     	0.5     	2.3504e-05
0.7     	0.55    	2.354e-05
0.7     	0.6     	2.3567e-05
0.7     	0.65    	2.3588e-05
0.7     	0.7     	2.3608e-05
