vg      	vd      	ids     
0       	0       	-1.4695e-11
0       	0.05    	4.1238e-09
0       	0.1     	5.0942e-09
0       	0.15    	5.516e-09
0       	0.2     	5.8099e-09
0       	0.25    	6.0708e-09
0       	0.3     	6.3217e-09
0       	0.35    	6.5682e-09
0       	0.4     	6.8121e-09
0       	0.45    	7.0541e-09
0       	0.5     	7.2949e-09
0       	0.55    	7.5348e-09
0       	0.6     	7.7739e-09
0       	0.65    	8.012e-09
0       	0.7     	8.2755e-09
0.05    	0       	-2.1967e-12
0.05    	0.05    	2.292e-08
0.05    	0.1     	2.8355e-08
0.05    	0.15    	3.0542e-08
0.05    	0.2     	3.2118e-08
0.05    	0.25    	3.356e-08
0.05    	0.3     	3.4955e-08
0.05    	0.35    	3.6322e-08
0.05    	0.4     	3.7664e-08
0.05    	0.45    	3.898e-08
0.05    	0.5     	4.0262e-08
0.05    	0.55    	4.1494e-08
0.05    	0.6     	4.2651e-08
0.05    	0.65    	4.3714e-08
0.05    	0.7     	4.4694e-08
0.1     	0       	-8.8201e-12
0.1     	0.05    	1.106e-07
0.1     	0.1     	1.3768e-07
0.1     	0.15    	1.4808e-07
0.1     	0.2     	1.5533e-07
0.1     	0.25    	1.6175e-07
0.1     	0.3     	1.6761e-07
0.1     	0.35    	1.7286e-07
0.1     	0.4     	1.7751e-07
0.1     	0.45    	1.8173e-07
0.1     	0.5     	1.857e-07
0.1     	0.55    	1.8951e-07
0.1     	0.6     	1.9319e-07
0.1     	0.65    	1.9678e-07
0.1     	0.7     	2.003e-07
0.15    	0       	-2.6876e-11
0.15    	0.05    	3.8606e-07
0.15    	0.1     	4.9551e-07
0.15    	0.15    	5.3161e-07
0.15    	0.2     	5.5116e-07
0.15    	0.25    	5.6587e-07
0.15    	0.3     	5.8002e-07
0.15    	0.35    	5.9176e-07
0.15    	0.4     	6.0277e-07
0.15    	0.45    	6.1322e-07
0.15    	0.5     	6.2317e-07
0.15    	0.55    	6.3265e-07
0.15    	0.6     	6.4168e-07
0.15    	0.65    	6.5026e-07
0.15    	0.7     	6.5838e-07
0.2     	0       	-4.076e-11
0.2     	0.05    	8.7851e-07
0.2     	0.1     	1.204e-06
0.2     	0.15    	1.2973e-06
0.2     	0.2     	1.3389e-06
0.2     	0.25    	1.3641e-06
0.2     	0.3     	1.3848e-06
0.2     	0.35    	1.4029e-06
0.2     	0.4     	1.419e-06
0.2     	0.45    	1.4334e-06
0.2     	0.5     	1.4467e-06
0.2     	0.55    	1.4589e-06
0.2     	0.6     	1.4704e-06
0.2     	0.65    	1.4825e-06
0.2     	0.7     	1.4929e-06
0.25    	0       	-4.4254e-11
0.25    	0.05    	1.4341e-06
0.25    	0.1     	2.134e-06
0.25    	0.15    	2.3608e-06
0.25    	0.2     	2.4366e-06
0.25    	0.25    	2.472e-06
0.25    	0.3     	2.4974e-06
0.25    	0.35    	2.5187e-06
0.25    	0.4     	2.5376e-06
0.25    	0.45    	2.5568e-06
0.25    	0.5     	2.5727e-06
0.25    	0.55    	2.5873e-06
0.25    	0.6     	2.6011e-06
0.25    	0.65    	2.6141e-06
0.25    	0.7     	2.6264e-06
0.3     	0       	-3.9155e-11
0.3     	0.05    	1.9246e-06
0.3     	0.1     	3.098e-06
0.3     	0.15    	3.5764e-06
0.3     	0.2     	3.7205e-06
0.3     	0.25    	3.7735e-06
0.3     	0.3     	3.8052e-06
0.3     	0.35    	3.8324e-06
0.3     	0.4     	3.8534e-06
0.3     	0.45    	3.8718e-06
0.3     	0.5     	3.8885e-06
0.3     	0.55    	3.9038e-06
0.3     	0.6     	3.9179e-06
0.3     	0.65    	3.9324e-06
0.3     	0.7     	3.9447e-06
0.35    	0       	-2.8645e-11
0.35    	0.05    	2.3144e-06
0.35    	0.1     	3.9598e-06
0.35    	0.15    	4.805e-06
0.35    	0.2     	5.0946e-06
0.35    	0.25    	5.1832e-06
0.35    	0.3     	5.2279e-06
0.35    	0.35    	5.2556e-06
0.35    	0.4     	5.2777e-06
0.35    	0.45    	5.2968e-06
0.35    	0.5     	5.3138e-06
0.35    	0.55    	5.3307e-06
0.35    	0.6     	5.345e-06
0.35    	0.65    	5.358e-06
0.35    	0.7     	5.3702e-06
0.4     	0       	-1.6619e-11
0.4     	0.05    	2.6127e-06
0.4     	0.1     	4.6625e-06
0.4     	0.15    	5.9354e-06
0.4     	0.2     	6.4694e-06
0.4     	0.25    	6.6396e-06
0.4     	0.3     	6.7046e-06
0.4     	0.35    	6.7381e-06
0.4     	0.4     	6.7624e-06
0.4     	0.45    	6.7825e-06
0.4     	0.5     	6.8015e-06
0.4     	0.55    	6.8173e-06
0.4     	0.6     	6.8313e-06
0.4     	0.65    	6.8443e-06
0.4     	0.7     	6.8572e-06
0.45    	0       	-4.2988e-12
0.45    	0.05    	2.8392e-06
0.45    	0.1     	5.208e-06
0.45    	0.15    	6.8355e-06
0.45    	0.2     	7.7591e-06
0.45    	0.25    	8.087e-06
0.45    	0.3     	8.1949e-06
0.45    	0.35    	8.2399e-06
0.45    	0.4     	8.2677e-06
0.45    	0.45    	8.2906e-06
0.45    	0.5     	8.3084e-06
0.45    	0.55    	8.3237e-06
0.45    	0.6     	8.3373e-06
0.45    	0.65    	8.3506e-06
0.45    	0.7     	8.362e-06
0.5     	0       	7.6898e-12
0.5     	0.05    	3.0123e-06
0.5     	0.1     	5.6231e-06
0.5     	0.15    	7.5699e-06
0.5     	0.2     	8.8378e-06
0.5     	0.25    	9.4483e-06
0.5     	0.3     	9.6506e-06
0.5     	0.35    	9.7263e-06
0.5     	0.4     	9.7641e-06
0.5     	0.45    	9.7875e-06
0.5     	0.5     	9.8056e-06
0.5     	0.55    	9.8219e-06
0.5     	0.6     	9.8353e-06
0.5     	0.65    	9.8471e-06
0.5     	0.7     	9.8584e-06
0.55    	0       	1.9215e-11
0.55    	0.05    	3.1465e-06
0.55    	0.1     	5.9398e-06
0.55    	0.15    	8.1294e-06
0.55    	0.2     	9.7119e-06
0.55    	0.25    	1.0615e-05
0.55    	0.3     	1.1029e-05
0.55    	0.35    	1.1167e-05
0.55    	0.4     	1.1223e-05
0.55    	0.45    	1.1252e-05
0.55    	0.5     	1.1273e-05
0.55    	0.55    	1.1289e-05
0.55    	0.6     	1.1302e-05
0.55    	0.65    	1.1315e-05
0.55    	0.7     	1.1325e-05
0.6     	0       	3.036e-11
0.6     	0.05    	3.2525e-06
0.6     	0.1     	6.1838e-06
0.6     	0.15    	8.5521e-06
0.6     	0.2     	1.0371e-05
0.6     	0.25    	1.1556e-05
0.6     	0.3     	1.2233e-05
0.6     	0.35    	1.251e-05
0.6     	0.4     	1.2613e-05
0.6     	0.45    	1.2658e-05
0.6     	0.5     	1.2684e-05
0.6     	0.55    	1.2701e-05
0.6     	0.6     	1.2715e-05
0.6     	0.65    	1.2727e-05
0.6     	0.7     	1.2737e-05
0.65    	0       	4.027e-11
0.65    	0.05    	3.3357e-06
0.65    	0.1     	6.3714e-06
0.65    	0.15    	8.8694e-06
0.65    	0.2     	1.0854e-05
0.65    	0.25    	1.2249e-05
0.65    	0.3     	1.318e-05
0.65    	0.35    	1.3659e-05
0.65    	0.4     	1.3883e-05
0.65    	0.45    	1.3966e-05
0.65    	0.5     	1.4004e-05
0.65    	0.55    	1.4025e-05
0.65    	0.6     	1.404e-05
0.65    	0.65    	1.4052e-05
0.65    	0.7     	1.4062e-05
0.7     	0       	4.8161e-11
0.7     	0.05    	3.399e-06
0.7     	0.1     	6.5147e-06
0.7     	0.15    	9.1064e-06
0.7     	0.2     	1.1204e-05
0.7     	0.25    	1.2738e-05
0.7     	0.3     	1.3804e-05
0.7     	0.35    	1.4532e-05
0.7     	0.4     	1.4934e-05
0.7     	0.45    	1.5119e-05
0.7     	0.5     	1.5192e-05
0.7     	0.55    	1.5226e-05
0.7     	0.6     	1.5245e-05
0.7     	0.65    	1.5258e-05
0.7     	0.7     	1.5268e-05
