vg      	vd      	ids     
0       	0       	4.611e-12
0       	0.05    	8.987e-10
0       	0.1     	1.0456e-09
0       	0.15    	1.0753e-09
0       	0.2     	1.0869e-09
0       	0.25    	1.0952e-09
0       	0.3     	1.1024e-09
0       	0.35    	1.1089e-09
0       	0.4     	1.1149e-09
0       	0.45    	1.1205e-09
0       	0.5     	1.1257e-09
0       	0.55    	1.1306e-09
0       	0.6     	1.1353e-09
0       	0.65    	1.1397e-09
0       	0.7     	1.144e-09
0.05    	0       	3.2294e-11
0.05    	0.05    	5.7452e-09
0.05    	0.1     	6.6928e-09
0.05    	0.15    	6.8893e-09
0.05    	0.2     	6.9647e-09
0.05    	0.25    	7.0177e-09
0.05    	0.3     	7.0636e-09
0.05    	0.35    	7.1051e-09
0.05    	0.4     	7.143e-09
0.05    	0.45    	7.178e-09
0.05    	0.5     	7.2105e-09
0.05    	0.55    	7.2411e-09
0.05    	0.6     	7.2702e-09
0.05    	0.65    	7.2979e-09
0.05    	0.7     	7.3243e-09
0.1     	0       	2.1233e-10
0.1     	0.05    	3.563e-08
0.1     	0.1     	4.1665e-08
0.1     	0.15    	4.2912e-08
0.1     	0.2     	4.3379e-08
0.1     	0.25    	4.3697e-08
0.1     	0.3     	4.3969e-08
0.1     	0.35    	4.4215e-08
0.1     	0.4     	4.4439e-08
0.1     	0.45    	4.4646e-08
0.1     	0.5     	4.4837e-08
0.1     	0.55    	4.5016e-08
0.1     	0.6     	4.5185e-08
0.1     	0.65    	4.5346e-08
0.1     	0.7     	4.5499e-08
0.15    	0       	1.1313e-09
0.15    	0.05    	1.9533e-07
0.15    	0.1     	2.3196e-07
0.15    	0.15    	2.3939e-07
0.15    	0.2     	2.4188e-07
0.15    	0.25    	2.4343e-07
0.15    	0.3     	2.4472e-07
0.15    	0.35    	2.4586e-07
0.15    	0.4     	2.469e-07
0.15    	0.45    	2.4784e-07
0.15    	0.5     	2.4871e-07
0.15    	0.55    	2.4951e-07
0.15    	0.6     	2.5025e-07
0.15    	0.65    	2.5095e-07
0.15    	0.7     	2.516e-07
0.2     	0       	3.8401e-09
0.2     	0.05    	7.4542e-07
0.2     	0.1     	9.2635e-07
0.2     	0.15    	9.6334e-07
0.2     	0.2     	9.7351e-07
0.2     	0.25    	9.7859e-07
0.2     	0.3     	9.8238e-07
0.2     	0.35    	9.8561e-07
0.2     	0.4     	9.8849e-07
0.2     	0.45    	9.913e-07
0.2     	0.5     	9.9364e-07
0.2     	0.55    	9.9577e-07
0.2     	0.6     	9.9773e-07
0.2     	0.65    	9.9955e-07
0.2     	0.7     	1.0013e-06
0.25    	0       	8.0404e-09
0.25    	0.05    	1.7551e-06
0.25    	0.1     	2.3467e-06
0.25    	0.15    	2.4835e-06
0.25    	0.2     	2.5174e-06
0.25    	0.25    	2.5305e-06
0.25    	0.3     	2.5386e-06
0.25    	0.35    	2.545e-06
0.25    	0.4     	2.5505e-06
0.25    	0.45    	2.5562e-06
0.25    	0.5     	2.5605e-06
0.25    	0.55    	2.5643e-06
0.25    	0.6     	2.5678e-06
0.25    	0.65    	2.571e-06
0.25    	0.7     	2.5739e-06
0.3     	0       	1.2957e-08
0.3     	0.05    	2.9218e-06
0.3     	0.1     	4.2806e-06
0.3     	0.15    	4.6559e-06
0.3     	0.2     	4.7485e-06
0.3     	0.25    	4.7778e-06
0.3     	0.3     	4.7926e-06
0.3     	0.35    	4.8046e-06
0.3     	0.4     	4.8132e-06
0.3     	0.45    	4.8204e-06
0.3     	0.5     	4.8268e-06
0.3     	0.55    	4.8325e-06
0.3     	0.6     	4.8376e-06
0.3     	0.65    	4.8422e-06
0.3     	0.7     	4.8464e-06
0.35    	0       	1.8018e-08
0.35    	0.05    	4.0883e-06
0.35    	0.1     	6.4422e-06
0.35    	0.15    	7.2378e-06
0.35    	0.2     	7.4581e-06
0.35    	0.25    	7.5198e-06
0.35    	0.3     	7.5454e-06
0.35    	0.35    	7.5613e-06
0.35    	0.4     	7.5735e-06
0.35    	0.45    	7.585e-06
0.35    	0.5     	7.5939e-06
0.35    	0.55    	7.6015e-06
0.35    	0.6     	7.6083e-06
0.35    	0.65    	7.6144e-06
0.35    	0.7     	7.6199e-06
0.4     	0       	2.2987e-08
0.4     	0.05    	5.156e-06
0.4     	0.1     	8.5813e-06
0.4     	0.15    	1.004e-05
0.4     	0.2     	1.0487e-05
0.4     	0.25    	1.0616e-05
0.4     	0.3     	1.0661e-05
0.4     	0.35    	1.0684e-05
0.4     	0.4     	1.07e-05
0.4     	0.45    	1.0713e-05
0.4     	0.5     	1.0725e-05
0.4     	0.55    	1.0734e-05
0.4     	0.6     	1.0743e-05
0.4     	0.65    	1.0751e-05
0.4     	0.7     	1.0758e-05
0.45    	0       	2.772e-08
0.45    	0.05    	6.1008e-06
0.45    	0.1     	1.06e-05
0.45    	0.15    	1.2904e-05
0.45    	0.2     	1.3713e-05
0.45    	0.25    	1.396e-05
0.45    	0.3     	1.4038e-05
0.45    	0.35    	1.4074e-05
0.45    	0.4     	1.4102e-05
0.45    	0.45    	1.4116e-05
0.45    	0.5     	1.4133e-05
0.45    	0.55    	1.4141e-05
0.45    	0.6     	1.4155e-05
0.45    	0.65    	1.4161e-05
0.45    	0.7     	1.4172e-05
0.5     	0       	3.2099e-08
0.5     	0.05    	6.9294e-06
0.5     	0.1     	1.2399e-05
0.5     	0.15    	1.5656e-05
0.5     	0.2     	1.7022e-05
0.5     	0.25    	1.747e-05
0.5     	0.3     	1.7625e-05
0.5     	0.35    	1.7663e-05
0.5     	0.4     	1.771e-05
0.5     	0.45    	1.7729e-05
0.5     	0.5     	1.7735e-05
0.5     	0.55    	1.7747e-05
0.5     	0.6     	1.777e-05
0.5     	0.65    	1.7776e-05
0.5     	0.7     	1.7782e-05
0.55    	0       	3.6139e-08
0.55    	0.05    	7.6477e-06
0.55    	0.1     	1.3917e-05
0.55    	0.15    	1.8186e-05
0.55    	0.2     	2.0331e-05
0.55    	0.25    	2.1069e-05
0.55    	0.3     	2.1339e-05
0.55    	0.35    	2.1423e-05
0.55    	0.4     	2.145e-05
0.55    	0.45    	2.1486e-05
0.55    	0.5     	2.151e-05
0.55    	0.55    	2.1516e-05
0.55    	0.6     	2.1536e-05
0.55    	0.65    	2.1538e-05
0.55    	0.7     	2.1555e-05
0.6     	0       	3.9913e-08
0.6     	0.05    	8.2592e-06
0.6     	0.1     	1.527e-05
0.6     	0.15    	2.0437e-05
0.6     	0.2     	2.3398e-05
0.6     	0.25    	2.4721e-05
0.6     	0.3     	2.5154e-05
0.6     	0.35    	2.5296e-05
0.6     	0.4     	2.5353e-05
0.6     	0.45    	2.5386e-05
0.6     	0.5     	2.5409e-05
0.6     	0.55    	2.5427e-05
0.6     	0.6     	2.5441e-05
0.6     	0.65    	2.5453e-05
0.6     	0.7     	2.5463e-05
0.65    	0       	4.3518e-08
0.65    	0.05    	8.7862e-06
0.65    	0.1     	1.6431e-05
0.65    	0.15    	2.2416e-05
0.65    	0.2     	2.6306e-05
0.65    	0.25    	2.8274e-05
0.65    	0.3     	2.9017e-05
0.65    	0.35    	2.9256e-05
0.65    	0.4     	2.9343e-05
0.65    	0.45    	2.9388e-05
0.65    	0.5     	2.9411e-05
0.65    	0.55    	2.943e-05
0.65    	0.6     	2.9448e-05
0.65    	0.65    	2.9461e-05
0.65    	0.7     	2.9488e-05
0.7     	0       	4.702e-08
0.7     	0.05    	9.2478e-06
0.7     	0.1     	1.7454e-05
0.7     	0.15    	2.4139e-05
0.7     	0.2     	2.8889e-05
0.7     	0.25    	3.1617e-05
0.7     	0.3     	3.2844e-05
0.7     	0.35    	3.3261e-05
0.7     	0.4     	3.3432e-05
0.7     	0.45    	3.3477e-05
0.7     	0.5     	3.351e-05
0.7     	0.55    	3.3541e-05
0.7     	0.6     	3.3557e-05
0.7     	0.65    	3.3577e-05
0.7     	0.7     	3.3607e-05
