vg      	vd      	ids     
0       	0       	4.6771e-11
0       	0.05    	6.7556e-09
0       	0.1     	7.8697e-09
0       	0.15    	8.1213e-09
0       	0.2     	8.234e-09
0       	0.25    	8.3183e-09
0       	0.3     	8.3922e-09
0       	0.35    	8.4596e-09
0       	0.4     	8.5219e-09
0       	0.45    	8.58e-09
0       	0.5     	8.6347e-09
0       	0.55    	8.6862e-09
0       	0.6     	8.735e-09
0       	0.65    	8.7813e-09
0       	0.7     	8.8254e-09
0.05    	0       	2.9532e-10
0.05    	0.05    	4.2481e-08
0.05    	0.1     	4.9702e-08
0.05    	0.15    	5.1323e-08
0.05    	0.2     	5.2027e-08
0.05    	0.25    	5.2542e-08
0.05    	0.3     	5.2989e-08
0.05    	0.35    	5.3394e-08
0.05    	0.4     	5.3764e-08
0.05    	0.45    	5.4108e-08
0.05    	0.5     	5.4428e-08
0.05    	0.55    	5.4708e-08
0.05    	0.6     	5.499e-08
0.05    	0.65    	5.5234e-08
0.05    	0.7     	5.5484e-08
0.1     	0       	1.5154e-09
0.1     	0.05    	2.3291e-07
0.1     	0.1     	2.7694e-07
0.1     	0.15    	2.8643e-07
0.1     	0.2     	2.9006e-07
0.1     	0.25    	2.9253e-07
0.1     	0.3     	2.946e-07
0.1     	0.35    	2.9643e-07
0.1     	0.4     	2.9808e-07
0.1     	0.45    	2.9958e-07
0.1     	0.5     	3.0096e-07
0.1     	0.55    	3.0225e-07
0.1     	0.6     	3.0344e-07
0.1     	0.65    	3.0456e-07
0.1     	0.7     	3.0561e-07
0.15    	0       	4.8168e-09
0.15    	0.05    	8.7631e-07
0.15    	0.1     	1.0902e-06
0.15    	0.15    	1.1352e-06
0.15    	0.2     	1.1489e-06
0.15    	0.25    	1.1564e-06
0.15    	0.3     	1.1622e-06
0.15    	0.35    	1.1672e-06
0.15    	0.4     	1.1716e-06
0.15    	0.45    	1.1755e-06
0.15    	0.5     	1.1791e-06
0.15    	0.55    	1.1824e-06
0.15    	0.6     	1.1854e-06
0.15    	0.65    	1.1882e-06
0.15    	0.7     	1.1908e-06
0.2     	0       	9.4792e-09
0.2     	0.05    	2.0432e-06
0.2     	0.1     	2.7309e-06
0.2     	0.15    	2.8944e-06
0.2     	0.2     	2.9355e-06
0.2     	0.25    	2.9528e-06
0.2     	0.3     	2.9643e-06
0.2     	0.35    	2.9735e-06
0.2     	0.4     	2.9813e-06
0.2     	0.45    	2.9882e-06
0.2     	0.5     	2.9944e-06
0.2     	0.55    	3e-06   
0.2     	0.6     	3.005e-06
0.2     	0.65    	3.0097e-06
0.2     	0.7     	3.014e-06
0.25    	0       	1.4127e-08
0.25    	0.05    	3.434e-06
0.25    	0.1     	4.9615e-06
0.25    	0.15    	5.4018e-06
0.25    	0.2     	5.5143e-06
0.25    	0.25    	5.5507e-06
0.25    	0.3     	5.5705e-06
0.25    	0.35    	5.5851e-06
0.25    	0.4     	5.5971e-06
0.25    	0.45    	5.6074e-06
0.25    	0.5     	5.6164e-06
0.25    	0.55    	5.6254e-06
0.25    	0.6     	5.6327e-06
0.25    	0.65    	5.6391e-06
0.25    	0.7     	5.645e-06
0.3     	0       	1.8537e-08
0.3     	0.05    	4.8012e-06
0.3     	0.1     	7.4514e-06
0.3     	0.15    	8.4152e-06
0.3     	0.2     	8.6689e-06
0.3     	0.25    	8.7418e-06
0.3     	0.3     	8.7746e-06
0.3     	0.35    	8.7961e-06
0.3     	0.4     	8.8129e-06
0.3     	0.45    	8.8269e-06
0.3     	0.5     	8.8404e-06
0.3     	0.55    	8.8511e-06
0.3     	0.6     	8.8604e-06
0.3     	0.65    	8.8687e-06
0.3     	0.7     	8.8763e-06
0.35    	0       	2.2564e-08
0.35    	0.05    	6.025e-06
0.35    	0.1     	9.9342e-06
0.35    	0.15    	1.169e-05
0.35    	0.2     	1.2219e-05
0.35    	0.25    	1.2372e-05
0.35    	0.3     	1.2427e-05
0.35    	0.35    	1.2458e-05
0.35    	0.4     	1.248e-05
0.35    	0.45    	1.2499e-05
0.35    	0.5     	1.2514e-05
0.35    	0.55    	1.2529e-05
0.35    	0.6     	1.254e-05
0.35    	0.65    	1.2551e-05
0.35    	0.7     	1.256e-05
0.4     	0       	2.6331e-08
0.4     	0.05    	7.0709e-06
0.4     	0.1     	1.2226e-05
0.4     	0.15    	1.5011e-05
0.4     	0.2     	1.6016e-05
0.4     	0.25    	1.6318e-05
0.4     	0.3     	1.642e-05
0.4     	0.35    	1.6466e-05
0.4     	0.4     	1.6496e-05
0.4     	0.45    	1.6518e-05
0.4     	0.5     	1.6537e-05
0.4     	0.55    	1.6553e-05
0.4     	0.6     	1.6568e-05
0.4     	0.65    	1.6581e-05
0.4     	0.7     	1.6592e-05
0.45    	0       	2.9688e-08
0.45    	0.05    	7.9505e-06
0.45    	0.1     	1.4234e-05
0.45    	0.15    	1.8115e-05
0.45    	0.2     	1.9896e-05
0.45    	0.25    	2.0486e-05
0.45    	0.3     	2.0662e-05
0.45    	0.35    	2.0732e-05
0.45    	0.4     	2.0776e-05
0.45    	0.45    	2.0805e-05
0.45    	0.5     	2.0827e-05
0.45    	0.55    	2.0846e-05
0.45    	0.6     	2.0862e-05
0.45    	0.65    	2.0877e-05
0.45    	0.7     	2.089e-05
0.5     	0       	3.2801e-08
0.5     	0.05    	8.6908e-06
0.5     	0.1     	1.5938e-05
0.5     	0.15    	2.0954e-05
0.5     	0.2     	2.3674e-05
0.5     	0.25    	2.4731e-05
0.5     	0.3     	2.5059e-05
0.5     	0.35    	2.5184e-05
0.5     	0.4     	2.5242e-05
0.5     	0.45    	2.5278e-05
0.5     	0.5     	2.5305e-05
0.5     	0.55    	2.5329e-05
0.5     	0.6     	2.5348e-05
0.5     	0.65    	2.5365e-05
0.5     	0.7     	2.5379e-05
0.55    	0       	3.5694e-08
0.55    	0.05    	9.3188e-06
0.55    	0.1     	1.7369e-05
0.55    	0.15    	2.3418e-05
0.55    	0.2     	2.7179e-05
0.55    	0.25    	2.8887e-05
0.55    	0.3     	2.9538e-05
0.55    	0.35    	2.9748e-05
0.55    	0.4     	2.984e-05
0.55    	0.45    	2.9889e-05
0.55    	0.5     	2.9922e-05
0.55    	0.55    	2.9947e-05
0.55    	0.6     	2.997e-05
0.55    	0.65    	2.9989e-05
0.55    	0.7     	3.0004e-05
0.6     	0       	3.8402e-08
0.6     	0.05    	9.8578e-06
0.6     	0.1     	1.8574e-05
0.6     	0.15    	2.551e-05
0.6     	0.2     	3.0185e-05
0.6     	0.25    	3.2844e-05
0.6     	0.3     	3.3972e-05
0.6     	0.35    	3.4368e-05
0.6     	0.4     	3.4512e-05
0.6     	0.45    	3.4584e-05
0.6     	0.5     	3.4627e-05
0.6     	0.55    	3.4657e-05
0.6     	0.6     	3.4681e-05
0.6     	0.65    	3.4702e-05
0.6     	0.7     	3.472e-05
0.65    	0       	4.0972e-08
0.65    	0.05    	1.0325e-05
0.65    	0.1     	1.9599e-05
0.65    	0.15    	2.7269e-05
0.65    	0.2     	3.2843e-05
0.65    	0.25    	3.6425e-05
0.65    	0.3     	3.8217e-05
0.65    	0.35    	3.8926e-05
0.65    	0.4     	3.9195e-05
0.65    	0.45    	3.9303e-05
0.65    	0.5     	3.9363e-05
0.65    	0.55    	3.9401e-05
0.65    	0.6     	3.9429e-05
0.65    	0.65    	3.9452e-05
0.65    	0.7     	3.9472e-05
0.7     	0       	4.344e-08
0.7     	0.05    	1.0735e-05
0.7     	0.1     	2.0474e-05
0.7     	0.15    	2.8744e-05
0.7     	0.2     	3.5071e-05
0.7     	0.25    	3.9518e-05
0.7     	0.3     	4.2094e-05
0.7     	0.35    	4.3286e-05
0.7     	0.4     	4.3779e-05
0.7     	0.45    	4.3976e-05
0.7     	0.5     	4.4066e-05
0.7     	0.55    	4.4114e-05
0.7     	0.6     	4.4147e-05
0.7     	0.65    	4.4174e-05
0.7     	0.7     	4.4195e-05
