vg      	vd      	ids     
0       	0       	5.9179e-12
0       	0.05    	2.744e-08
0       	0.1     	3.6738e-08
0       	0.15    	4.1866e-08
0       	0.2     	4.6084e-08
0       	0.25    	5.0261e-08
0       	0.3     	5.4594e-08
0       	0.35    	5.9107e-08
0       	0.4     	6.3803e-08
0       	0.45    	6.8686e-08
0       	0.5     	7.3758e-08
0       	0.55    	7.9019e-08
0       	0.6     	8.4445e-08
0       	0.65    	8.9913e-08
0       	0.7     	9.502e-08
0.05    	0       	5.1332e-11
0.05    	0.05    	1.1868e-07
0.05    	0.1     	1.5708e-07
0.05    	0.15    	1.7669e-07
0.05    	0.2     	1.936e-07
0.05    	0.25    	2.1046e-07
0.05    	0.3     	2.2769e-07
0.05    	0.35    	2.4537e-07
0.05    	0.4     	2.633e-07
0.05    	0.45    	2.8067e-07
0.05    	0.5     	2.9581e-07
0.05    	0.55    	3.092e-07
0.05    	0.6     	3.2202e-07
0.05    	0.65    	3.3475e-07
0.05    	0.7     	3.4752e-07
0.1     	0       	1.6443e-10
0.1     	0.05    	4.1821e-07
0.1     	0.1     	5.5217e-07
0.1     	0.15    	6.1766e-07
0.1     	0.2     	6.6983e-07
0.1     	0.25    	7.183e-07
0.1     	0.3     	7.6133e-07
0.1     	0.35    	7.9742e-07
0.1     	0.4     	8.3033e-07
0.1     	0.45    	8.6215e-07
0.1     	0.5     	8.9343e-07
0.1     	0.55    	9.2436e-07
0.1     	0.6     	9.5504e-07
0.1     	0.65    	9.8556e-07
0.1     	0.7     	1.016e-06
0.15    	0       	3.6753e-10
0.15    	0.05    	1.0827e-06
0.15    	0.1     	1.4615e-06
0.15    	0.15    	1.6189e-06
0.15    	0.2     	1.7134e-06
0.15    	0.25    	1.7843e-06
0.15    	0.3     	1.8477e-06
0.15    	0.35    	1.908e-06
0.15    	0.4     	1.9664e-06
0.15    	0.45    	2.0233e-06
0.15    	0.5     	2.0845e-06
0.15    	0.55    	2.1388e-06
0.15    	0.6     	2.1916e-06
0.15    	0.65    	2.2428e-06
0.15    	0.7     	2.2919e-06
0.2     	0       	5.8682e-10
0.2     	0.05    	2.0911e-06
0.2     	0.1     	2.9186e-06
0.2     	0.15    	3.2161e-06
0.2     	0.2     	3.3547e-06
0.2     	0.25    	3.4576e-06
0.2     	0.3     	3.549e-06
0.2     	0.35    	3.6342e-06
0.2     	0.4     	3.7144e-06
0.2     	0.45    	3.7974e-06
0.2     	0.5     	3.8664e-06
0.2     	0.55    	3.9295e-06
0.2     	0.6     	3.9874e-06
0.2     	0.65    	4.0407e-06
0.2     	0.7     	4.0902e-06
0.25    	0       	8.2613e-10
0.25    	0.05    	3.2717e-06
0.25    	0.1     	4.7682e-06
0.25    	0.15    	5.2859e-06
0.25    	0.2     	5.5099e-06
0.25    	0.25    	5.6438e-06
0.25    	0.3     	5.7522e-06
0.25    	0.35    	5.8467e-06
0.25    	0.4     	5.9307e-06
0.25    	0.45    	6.0144e-06
0.25    	0.5     	6.0831e-06
0.25    	0.55    	6.1466e-06
0.25    	0.6     	6.2067e-06
0.25    	0.65    	6.2641e-06
0.25    	0.7     	6.3195e-06
0.3     	0       	1.0207e-09
0.3     	0.05    	4.4663e-06
0.3     	0.1     	6.8383e-06
0.3     	0.15    	7.7234e-06
0.3     	0.2     	8.0463e-06
0.3     	0.25    	8.2066e-06
0.3     	0.3     	8.3217e-06
0.3     	0.35    	8.4174e-06
0.3     	0.4     	8.5026e-06
0.3     	0.45    	8.5897e-06
0.3     	0.5     	8.6635e-06
0.3     	0.55    	8.733e-06
0.3     	0.6     	8.7993e-06
0.3     	0.65    	8.8631e-06
0.3     	0.7     	8.9245e-06
0.35    	0       	1.1958e-09
0.35    	0.05    	5.5769e-06
0.35    	0.1     	8.9657e-06
0.35    	0.15    	1.0363e-05
0.35    	0.2     	1.0839e-05
0.35    	0.25    	1.1054e-05
0.35    	0.3     	1.1181e-05
0.35    	0.35    	1.1283e-05
0.35    	0.4     	1.1374e-05
0.35    	0.45    	1.1458e-05
0.35    	0.5     	1.1537e-05
0.35    	0.55    	1.162e-05
0.35    	0.6     	1.1691e-05
0.35    	0.65    	1.1759e-05
0.35    	0.7     	1.1824e-05
0.4     	0       	1.3567e-09
0.4     	0.05    	6.5592e-06
0.4     	0.1     	1.1015e-05
0.4     	0.15    	1.3106e-05
0.4     	0.2     	1.3847e-05
0.4     	0.25    	1.4114e-05
0.4     	0.3     	1.4262e-05
0.4     	0.35    	1.4386e-05
0.4     	0.4     	1.4484e-05
0.4     	0.45    	1.4572e-05
0.4     	0.5     	1.4654e-05
0.4     	0.55    	1.4731e-05
0.4     	0.6     	1.4804e-05
0.4     	0.65    	1.488e-05
0.4     	0.7     	1.4947e-05
0.45    	0       	1.5079e-09
0.45    	0.05    	7.4056e-06
0.45    	0.1     	1.2895e-05
0.45    	0.15    	1.5837e-05
0.45    	0.2     	1.696e-05
0.45    	0.25    	1.7358e-05
0.45    	0.3     	1.754e-05
0.45    	0.35    	1.7663e-05
0.45    	0.4     	1.7765e-05
0.45    	0.45    	1.7865e-05
0.45    	0.5     	1.7949e-05
0.45    	0.55    	1.8025e-05
0.45    	0.6     	1.8096e-05
0.45    	0.65    	1.8163e-05
0.45    	0.7     	1.8225e-05
0.5     	0       	1.6519e-09
0.5     	0.05    	8.1285e-06
0.5     	0.1     	1.4562e-05
0.5     	0.15    	1.8403e-05
0.5     	0.2     	2.0115e-05
0.5     	0.25    	2.07e-05
0.5     	0.3     	2.0935e-05
0.5     	0.35    	2.1086e-05
0.5     	0.4     	2.1193e-05
0.5     	0.45    	2.1284e-05
0.5     	0.5     	2.1364e-05
0.5     	0.55    	2.1444e-05
0.5     	0.6     	2.1512e-05
0.5     	0.65    	2.1574e-05
0.5     	0.7     	2.1632e-05
0.55    	0       	1.7891e-09
0.55    	0.05    	8.7473e-06
0.55    	0.1     	1.6009e-05
0.55    	0.15    	2.08e-05
0.55    	0.2     	2.3196e-05
0.55    	0.25    	2.4096e-05
0.55    	0.3     	2.4434e-05
0.55    	0.35    	2.4599e-05
0.55    	0.4     	2.472e-05
0.55    	0.45    	2.4811e-05
0.55    	0.5     	2.4889e-05
0.55    	0.55    	2.496e-05
0.55    	0.6     	2.5024e-05
0.55    	0.65    	2.5083e-05
0.55    	0.7     	2.5144e-05
0.6     	0       	1.9186e-09
0.6     	0.05    	9.2806e-06
0.6     	0.1     	1.7251e-05
0.6     	0.15    	2.2939e-05
0.6     	0.2     	2.6155e-05
0.6     	0.25    	2.7489e-05
0.6     	0.3     	2.7973e-05
0.6     	0.35    	2.8192e-05
0.6     	0.4     	2.8317e-05
0.6     	0.45    	2.841e-05
0.6     	0.5     	2.8489e-05
0.6     	0.55    	2.8565e-05
0.6     	0.6     	2.863e-05
0.6     	0.65    	2.8688e-05
0.6     	0.7     	2.8743e-05
0.65    	0       	2.0396e-09
0.65    	0.05    	9.7442e-06
0.65    	0.1     	1.8313e-05
0.65    	0.15    	2.4805e-05
0.65    	0.2     	2.8883e-05
0.65    	0.25    	3.0802e-05
0.65    	0.3     	3.1524e-05
0.65    	0.35    	3.1818e-05
0.65    	0.4     	3.1977e-05
0.65    	0.45    	3.2079e-05
0.65    	0.5     	3.216e-05
0.65    	0.55    	3.2231e-05
0.65    	0.6     	3.2294e-05
0.65    	0.65    	3.2357e-05
0.65    	0.7     	3.2413e-05
0.7     	0       	2.1511e-09
0.7     	0.05    	1.0151e-05
0.7     	0.1     	1.9225e-05
0.7     	0.15    	2.6412e-05
0.7     	0.2     	3.1216e-05
0.7     	0.25    	3.3901e-05
0.7     	0.3     	3.5048e-05
0.7     	0.35    	3.5471e-05
0.7     	0.4     	3.5659e-05
0.7     	0.45    	3.5773e-05
0.7     	0.5     	3.5866e-05
0.7     	0.55    	3.5941e-05
0.7     	0.6     	3.6005e-05
0.7     	0.65    	3.6063e-05
0.7     	0.7     	3.6121e-05
