vg      	vd      	ids     
0       	0       	-1.0693e-11
0       	0.05    	2.2664e-08
0       	0.1     	2.6714e-08
0       	0.15    	2.7808e-08
0       	0.2     	2.8395e-08
0       	0.25    	2.8864e-08
0       	0.3     	2.9284e-08
0       	0.35    	2.9673e-08
0       	0.4     	3.0038e-08
0       	0.45    	3.0382e-08
0       	0.5     	3.0708e-08
0       	0.55    	3.1018e-08
0       	0.6     	3.1314e-08
0       	0.65    	3.1595e-08
0       	0.7     	3.1864e-08
0.05    	0       	-5.7102e-11
0.05    	0.05    	1.3283e-07
0.05    	0.1     	1.5787e-07
0.05    	0.15    	1.6431e-07
0.05    	0.2     	1.676e-07
0.05    	0.25    	1.7015e-07
0.05    	0.3     	1.7238e-07
0.05    	0.35    	1.744e-07
0.05    	0.4     	1.7624e-07
0.05    	0.45    	1.7793e-07
0.05    	0.5     	1.7949e-07
0.05    	0.55    	1.8094e-07
0.05    	0.6     	1.823e-07
0.05    	0.65    	1.8357e-07
0.05    	0.7     	1.8479e-07
0.1     	0       	-2.1225e-10
0.1     	0.05    	6.0472e-07
0.1     	0.1     	7.3891e-07
0.1     	0.15    	7.7046e-07
0.1     	0.2     	7.8332e-07
0.1     	0.25    	7.921e-07
0.1     	0.3     	7.9941e-07
0.1     	0.35    	8.0584e-07
0.1     	0.4     	8.1165e-07
0.1     	0.45    	8.1696e-07
0.1     	0.5     	8.2186e-07
0.1     	0.55    	8.264e-07
0.1     	0.6     	8.3065e-07
0.1     	0.65    	8.3463e-07
0.1     	0.7     	8.3839e-07
0.15    	0       	-4.769e-10
0.15    	0.05    	1.7498e-06
0.15    	0.1     	2.2678e-06
0.15    	0.15    	2.3859e-06
0.15    	0.2     	2.4223e-06
0.15    	0.25    	2.4442e-06
0.15    	0.3     	2.4587e-06
0.15    	0.35    	2.4709e-06
0.15    	0.4     	2.4816e-06
0.15    	0.45    	2.4913e-06
0.15    	0.5     	2.5e-06 
0.15    	0.55    	2.508e-06
0.15    	0.6     	2.5154e-06
0.15    	0.65    	2.5223e-06
0.15    	0.7     	2.5288e-06
0.2     	0       	-7.4444e-10
0.2     	0.05    	3.372e-06
0.2     	0.1     	4.7532e-06
0.2     	0.15    	5.1098e-06
0.2     	0.2     	5.2073e-06
0.2     	0.25    	5.2439e-06
0.2     	0.3     	5.2669e-06
0.2     	0.35    	5.2851e-06
0.2     	0.4     	5.3005e-06
0.2     	0.45    	5.3139e-06
0.2     	0.5     	5.3275e-06
0.2     	0.55    	5.3383e-06
0.2     	0.6     	5.3482e-06
0.2     	0.65    	5.3572e-06
0.2     	0.7     	5.3656e-06
0.25    	0       	-9.6311e-10
0.25    	0.05    	5.0513e-06
0.25    	0.1     	7.7673e-06
0.25    	0.15    	8.6695e-06
0.25    	0.2     	8.9052e-06
0.25    	0.25    	8.9769e-06
0.25    	0.3     	9.013e-06
0.25    	0.35    	9.0385e-06
0.25    	0.4     	9.0614e-06
0.25    	0.45    	9.0789e-06
0.25    	0.5     	9.094e-06
0.25    	0.55    	9.1074e-06
0.25    	0.6     	9.1195e-06
0.25    	0.65    	9.1305e-06
0.25    	0.7     	9.1417e-06
0.3     	0       	-1.135e-09
0.3     	0.05    	6.5317e-06
0.3     	0.1     	1.0831e-05
0.3     	0.15    	1.2703e-05
0.3     	0.2     	1.3263e-05
0.3     	0.25    	1.3425e-05
0.3     	0.3     	1.3485e-05
0.3     	0.35    	1.3521e-05
0.3     	0.4     	1.3551e-05
0.3     	0.45    	1.3573e-05
0.3     	0.5     	1.3591e-05
0.3     	0.55    	1.3607e-05
0.3     	0.6     	1.3622e-05
0.3     	0.65    	1.3636e-05
0.3     	0.7     	1.3648e-05
0.35    	0       	-1.2738e-09
0.35    	0.05    	7.7356e-06
0.35    	0.1     	1.3563e-05
0.35    	0.15    	1.6792e-05
0.35    	0.2     	1.8038e-05
0.35    	0.25    	1.8391e-05
0.35    	0.3     	1.8503e-05
0.35    	0.35    	1.8556e-05
0.35    	0.4     	1.8594e-05
0.35    	0.45    	1.8622e-05
0.35    	0.5     	1.8644e-05
0.35    	0.55    	1.8665e-05
0.35    	0.6     	1.8682e-05
0.35    	0.65    	1.8697e-05
0.35    	0.7     	1.871e-05
0.4     	0       	-1.3856e-09
0.4     	0.05    	8.6812e-06
0.4     	0.1     	1.5647e-05
0.4     	0.15    	2.0486e-05
0.4     	0.2     	2.2829e-05
0.4     	0.25    	2.3623e-05
0.4     	0.3     	2.3872e-05
0.4     	0.35    	2.3967e-05
0.4     	0.4     	2.4015e-05
0.4     	0.45    	2.4048e-05
0.4     	0.5     	2.4075e-05
0.4     	0.55    	2.4099e-05
0.4     	0.6     	2.4118e-05
0.4     	0.65    	2.4135e-05
0.4     	0.7     	2.415e-05
0.45    	0       	-1.4713e-09
0.45    	0.05    	9.417e-06
0.45    	0.1     	1.7346e-05
0.45    	0.15    	2.3488e-05
0.45    	0.2     	2.7163e-05
0.45    	0.25    	2.8805e-05
0.45    	0.3     	2.9353e-05
0.45    	0.35    	2.9537e-05
0.45    	0.4     	2.9613e-05
0.45    	0.45    	2.9657e-05
0.45    	0.5     	2.9691e-05
0.45    	0.55    	2.9717e-05
0.45    	0.6     	2.9738e-05
0.45    	0.65    	2.9757e-05
0.45    	0.7     	2.9773e-05
0.5     	0       	-1.4876e-09
0.5     	0.05    	9.9487e-06
0.5     	0.1     	1.8765e-05
0.5     	0.15    	2.574e-05
0.5     	0.2     	3.0494e-05
0.5     	0.25    	3.341e-05
0.5     	0.3     	3.4612e-05
0.5     	0.35    	3.5023e-05
0.5     	0.4     	3.5174e-05
0.5     	0.45    	3.524e-05
0.5     	0.5     	3.528e-05
0.5     	0.55    	3.5311e-05
0.5     	0.6     	3.5335e-05
0.5     	0.65    	3.5356e-05
0.5     	0.7     	3.5374e-05
0.55    	0       	-1.4443e-09
0.55    	0.05    	1.02e-05
0.55    	0.1     	1.9563e-05
0.55    	0.15    	2.7236e-05
0.55    	0.2     	3.288e-05
0.55    	0.25    	3.6789e-05
0.55    	0.3     	3.906e-05
0.55    	0.35    	4.0015e-05
0.55    	0.4     	4.0361e-05
0.55    	0.45    	4.0495e-05
0.55    	0.5     	4.0559e-05
0.55    	0.55    	4.0597e-05
0.55    	0.6     	4.0624e-05
0.55    	0.65    	4.0646e-05
0.55    	0.7     	4.0665e-05
0.6     	0       	-1.3877e-09
0.6     	0.05    	1.0327e-05
0.6     	0.1     	1.9928e-05
0.6     	0.15    	2.8171e-05
0.6     	0.2     	3.4455e-05
0.6     	0.25    	3.9114e-05
0.6     	0.3     	4.2397e-05
0.6     	0.35    	4.4134e-05
0.6     	0.4     	4.4892e-05
0.6     	0.45    	4.5203e-05
0.6     	0.5     	4.533e-05
0.6     	0.55    	4.5389e-05
0.6     	0.6     	4.5426e-05
0.6     	0.65    	4.5452e-05
0.6     	0.7     	4.5471e-05
0.65    	0       	-1.3337e-09
0.65    	0.05    	1.0436e-05
0.65    	0.1     	2.0147e-05
0.65    	0.15    	2.8597e-05
0.65    	0.2     	3.5369e-05
0.65    	0.25    	4.0649e-05
0.65    	0.3     	4.4445e-05
0.65    	0.35    	4.7079e-05
0.65    	0.4     	4.8597e-05
0.65    	0.45    	4.9258e-05
0.65    	0.5     	4.9507e-05
0.65    	0.55    	4.9607e-05
0.65    	0.6     	4.9666e-05
0.65    	0.65    	4.97e-05
0.65    	0.7     	4.9724e-05
0.7     	0       	-1.304e-09
0.7     	0.05    	1.0497e-05
0.7     	0.1     	2.0294e-05
0.7     	0.15    	2.8892e-05
0.7     	0.2     	3.5837e-05
0.7     	0.25    	4.1428e-05
0.7     	0.3     	4.5795e-05
0.7     	0.35    	4.893e-05
0.7     	0.4     	5.1038e-05
0.7     	0.45    	5.2303e-05
0.7     	0.5     	5.2916e-05
0.7     	0.55    	5.3177e-05
0.7     	0.6     	5.3282e-05
0.7     	0.65    	5.3323e-05
0.7     	0.7     	5.3357e-05
