vg      	vd      	ids     
0       	0       	5.5149e-11
0       	0.05    	4.6606e-09
0       	0.1     	5.6007e-09
0       	0.15    	5.9296e-09
0       	0.2     	6.1498e-09
0       	0.25    	6.3473e-09
0       	0.3     	6.538e-09
0       	0.35    	6.7253e-09
0       	0.4     	6.9092e-09
0       	0.45    	7.0883e-09
0       	0.5     	7.2609e-09
0       	0.55    	7.4262e-09
0       	0.6     	7.5848e-09
0       	0.65    	7.7383e-09
0       	0.7     	7.8882e-09
0.05    	0       	3.0254e-10
0.05    	0.05    	2.6893e-08
0.05    	0.1     	3.241e-08
0.05    	0.15    	3.4283e-08
0.05    	0.2     	3.5515e-08
0.05    	0.25    	3.6601e-08
0.05    	0.3     	3.7621e-08
0.05    	0.35    	3.8584e-08
0.05    	0.4     	3.9496e-08
0.05    	0.45    	4.0367e-08
0.05    	0.5     	4.1208e-08
0.05    	0.55    	4.203e-08
0.05    	0.6     	4.2839e-08
0.05    	0.65    	4.3636e-08
0.05    	0.7     	4.4424e-08
0.1     	0       	1.4187e-09
0.1     	0.05    	1.3841e-07
0.1     	0.1     	1.6844e-07
0.1     	0.15    	1.7797e-07
0.1     	0.2     	1.8351e-07
0.1     	0.25    	1.8805e-07
0.1     	0.3     	1.9218e-07
0.1     	0.35    	1.9606e-07
0.1     	0.4     	1.9978e-07
0.1     	0.45    	2.0335e-07
0.1     	0.5     	2.0679e-07
0.1     	0.55    	2.1011e-07
0.1     	0.6     	2.1329e-07
0.1     	0.65    	2.1634e-07
0.1     	0.7     	2.1928e-07
0.15    	0       	4.5396e-09
0.15    	0.05    	5.2044e-07
0.15    	0.1     	6.5158e-07
0.15    	0.15    	6.8639e-07
0.15    	0.2     	7.0295e-07
0.15    	0.25    	7.1518e-07
0.15    	0.3     	7.258e-07
0.15    	0.35    	7.3547e-07
0.15    	0.4     	7.4448e-07
0.15    	0.45    	7.5297e-07
0.15    	0.5     	7.6105e-07
0.15    	0.55    	7.6878e-07
0.15    	0.6     	7.7622e-07
0.15    	0.65    	7.8337e-07
0.15    	0.7     	7.9027e-07
0.2     	0       	9.4006e-09
0.2     	0.05    	1.2727e-06
0.2     	0.1     	1.66e-06
0.2     	0.15    	1.7597e-06
0.2     	0.2     	1.795e-06
0.2     	0.25    	1.8166e-06
0.2     	0.3     	1.834e-06
0.2     	0.35    	1.8493e-06
0.2     	0.4     	1.8634e-06
0.2     	0.45    	1.8764e-06
0.2     	0.5     	1.8886e-06
0.2     	0.55    	1.9001e-06
0.2     	0.6     	1.9111e-06
0.2     	0.65    	1.9216e-06
0.2     	0.7     	1.9317e-06
0.25    	0       	1.4707e-08
0.25    	0.05    	2.2556e-06
0.25    	0.1     	3.0878e-06
0.25    	0.15    	3.3041e-06
0.25    	0.2     	3.3691e-06
0.25    	0.25    	3.4018e-06
0.25    	0.3     	3.4256e-06
0.25    	0.35    	3.4457e-06
0.25    	0.4     	3.4636e-06
0.25    	0.45    	3.4799e-06
0.25    	0.5     	3.4951e-06
0.25    	0.55    	3.5093e-06
0.25    	0.6     	3.5227e-06
0.25    	0.65    	3.5354e-06
0.25    	0.7     	3.5475e-06
0.3     	0       	1.9802e-08
0.3     	0.05    	3.3206e-06
0.3     	0.1     	4.7523e-06
0.3     	0.15    	5.15e-06
0.3     	0.2     	5.2679e-06
0.3     	0.25    	5.3157e-06
0.3     	0.3     	5.3466e-06
0.3     	0.35    	5.3713e-06
0.3     	0.4     	5.3928e-06
0.3     	0.45    	5.412e-06
0.3     	0.5     	5.4297e-06
0.3     	0.55    	5.446e-06
0.3     	0.6     	5.4613e-06
0.3     	0.65    	5.4757e-06
0.3     	0.7     	5.4893e-06
0.35    	0       	2.4537e-08
0.35    	0.05    	4.391e-06
0.35    	0.1     	6.5422e-06
0.35    	0.15    	7.2045e-06
0.35    	0.2     	7.3904e-06
0.35    	0.25    	7.4577e-06
0.35    	0.3     	7.4969e-06
0.35    	0.35    	7.5266e-06
0.35    	0.4     	7.5516e-06
0.35    	0.45    	7.5737e-06
0.35    	0.5     	7.5937e-06
0.35    	0.55    	7.612e-06
0.35    	0.6     	7.629e-06
0.35    	0.65    	7.6449e-06
0.35    	0.7     	7.6599e-06
0.4     	0       	2.8869e-08
0.4     	0.05    	5.4294e-06
0.4     	0.1     	8.3863e-06
0.4     	0.15    	9.382e-06
0.4     	0.2     	9.6654e-06
0.4     	0.25    	9.7665e-06
0.4     	0.3     	9.8166e-06
0.4     	0.35    	9.8518e-06
0.4     	0.4     	9.8805e-06
0.4     	0.45    	9.9054e-06
0.4     	0.5     	9.9277e-06
0.4     	0.55    	9.948e-06
0.4     	0.6     	9.9666e-06
0.4     	0.65    	9.984e-06
0.4     	0.7     	1e-05   
0.45    	0       	3.2816e-08
0.45    	0.05    	6.4167e-06
0.45    	0.1     	1.0206e-05
0.45    	0.15    	1.1642e-05
0.45    	0.2     	1.2068e-05
0.45    	0.25    	1.2199e-05
0.45    	0.3     	1.2262e-05
0.45    	0.35    	1.2304e-05
0.45    	0.4     	1.2337e-05
0.45    	0.45    	1.2365e-05
0.45    	0.5     	1.239e-05
0.45    	0.55    	1.2412e-05
0.45    	0.6     	1.2433e-05
0.45    	0.65    	1.2454e-05
0.45    	0.7     	1.247e-05
0.5     	0       	3.6406e-08
0.5     	0.05    	7.3435e-06
0.5     	0.1     	1.2055e-05
0.5     	0.15    	1.3949e-05
0.5     	0.2     	1.4549e-05
0.5     	0.25    	1.4737e-05
0.5     	0.3     	1.4816e-05
0.5     	0.35    	1.4865e-05
0.5     	0.4     	1.4903e-05
0.5     	0.45    	1.4934e-05
0.5     	0.5     	1.4961e-05
0.5     	0.55    	1.4986e-05
0.5     	0.6     	1.5008e-05
0.5     	0.65    	1.5028e-05
0.5     	0.7     	1.5047e-05
0.55    	0       	3.9675e-08
0.55    	0.05    	8.2069e-06
0.55    	0.1     	1.3817e-05
0.55    	0.15    	1.627e-05
0.55    	0.2     	1.7093e-05
0.55    	0.25    	1.7348e-05
0.55    	0.3     	1.7449e-05
0.55    	0.35    	1.7507e-05
0.55    	0.4     	1.755e-05
0.55    	0.45    	1.7585e-05
0.55    	0.5     	1.7615e-05
0.55    	0.55    	1.7641e-05
0.55    	0.6     	1.7665e-05
0.55    	0.65    	1.7689e-05
0.55    	0.7     	1.7709e-05
0.6     	0       	4.2655e-08
0.6     	0.05    	9.0078e-06
0.6     	0.1     	1.5504e-05
0.6     	0.15    	1.8554e-05
0.6     	0.2     	1.9678e-05
0.6     	0.25    	2.0023e-05
0.6     	0.3     	2.0158e-05
0.6     	0.35    	2.0223e-05
0.6     	0.4     	2.0274e-05
0.6     	0.45    	2.0313e-05
0.6     	0.5     	2.0346e-05
0.6     	0.55    	2.0375e-05
0.6     	0.6     	2.04e-05
0.6     	0.65    	2.0423e-05
0.6     	0.7     	2.0445e-05
0.65    	0       	4.5375e-08
0.65    	0.05    	9.7501e-06
0.65    	0.1     	1.7103e-05
0.65    	0.15    	2.0831e-05
0.65    	0.2     	2.229e-05
0.65    	0.25    	2.2748e-05
0.65    	0.3     	2.292e-05
0.65    	0.35    	2.3004e-05
0.65    	0.4     	2.3058e-05
0.65    	0.45    	2.31e-05
0.65    	0.5     	2.3136e-05
0.65    	0.55    	2.3167e-05
0.65    	0.6     	2.3194e-05
0.65    	0.65    	2.3219e-05
0.65    	0.7     	2.3242e-05
0.7     	0       	4.7864e-08
0.7     	0.05    	1.0438e-05
0.7     	0.1     	1.8609e-05
0.7     	0.15    	2.3053e-05
0.7     	0.2     	2.4907e-05
0.7     	0.25    	2.5524e-05
0.7     	0.3     	2.5733e-05
0.7     	0.35    	2.5831e-05
0.7     	0.4     	2.5893e-05
0.7     	0.45    	2.5939e-05
0.7     	0.5     	2.5978e-05
0.7     	0.55    	2.6011e-05
0.7     	0.6     	2.6041e-05
0.7     	0.65    	2.6069e-05
0.7     	0.7     	2.6094e-05
