lg_nw,r_nw,t_ox,N_sd,eps_ox
18,3,1,2.0e+20,22
vgs,vds,ids
0.0,0.0,6.024321425159439e-10
0.0,0.05,7.867453867300331e-10
0.0,0.1,8.976034425320497e-10
0.0,0.15,9.433112341501523e-10
0.0,0.2,9.564650078429717e-10
0.0,0.25,9.569112526531787e-10
0.0,0.3,9.531098253028626e-10
0.0,0.35,9.482180471842237e-10
0.0,0.4,9.433307775807577e-10
0.0,0.45,9.38795357040007e-10
0.0,0.5,9.347010220427807e-10
0.0,0.55,9.31054468862004e-10
0.0,0.6,9.278409538917393e-10
0.0,0.65,9.250444865670684e-10
0.0,0.7,9.226537142195424e-10
0.05,0.0,3.998563150648711e-09
0.05,0.05,5.239365491163648e-09
0.05,0.1,6.028876176660188e-09
0.05,0.15,6.356439118341375e-09
0.05,0.2,6.445204509967184e-09
0.05,0.25,6.4428379506561815e-09
0.05,0.3,6.4129187707732066e-09
0.05,0.35,6.378513469134724e-09
0.05,0.4,6.346953944616878e-09
0.05,0.45,6.3200068789774e-09
0.05,0.5,6.297635980897995e-09
0.05,0.55,6.279323862207367e-09
0.05,0.6,6.264509953924517e-09
0.05,0.65,6.252717687711971e-09
0.05,0.7,6.243576969320715e-09
0.1,0.0,2.5829089788919927e-08
0.1,0.05,3.290830850219434e-08
0.1,0.1,3.779437820099864e-08
0.1,0.15,3.9898901375513446e-08
0.1,0.2,4.0495012721828504e-08
0.1,0.25,4.0521085406951606e-08
0.1,0.3,4.038946151711306e-08
0.1,0.35,4.02479686862215e-08
0.1,0.4,4.0141096743090655e-08
0.1,0.45,4.0077224399434553e-08
0.1,0.5,4.005347743500575e-08
0.1,0.55,4.006436431872669e-08
0.1,0.6,4.01045523385793e-08
0.1,0.65,4.016960361712184e-08
0.1,0.7,4.025603895351721e-08
0.15,0.0,1.380866346750783e-07
0.15,0.05,1.7831151833925503e-07
0.15,0.1,2.080444195080915e-07
0.15,0.15,2.2137709127733637e-07
0.15,0.2,2.2535902021217441e-07
0.15,0.25,2.2571423907526907e-07
0.15,0.3,2.2502300371418372e-07
0.15,0.35,2.2422369943965717e-07
0.15,0.4,2.2360501934761093e-07
0.15,0.45,2.2322665069455814e-07
0.15,0.5,2.2307587282247256e-07
0.15,0.55,2.231222545276297e-07
0.15,0.6,2.233354134776917e-07
0.15,0.65,2.2368986907096833e-07
0.15,0.7,2.2416561165554467e-07
0.2,0.0,4.80459936045407e-07
0.2,0.05,6.749453163926251e-07
0.2,0.1,8.300678302506016e-07
0.2,0.15,9.041055655290392e-07
0.2,0.2,9.28768437112296e-07
0.2,0.25,9.332241552293442e-07
0.2,0.3,9.311328000178341e-07
0.2,0.35,9.276397333810679e-07
0.2,0.4,9.244412183198964e-07
0.2,0.45,9.219857684625557e-07
0.2,0.5,9.203065514502802e-07
0.2,0.55,9.193179212277874e-07
0.2,0.6,9.189154895433223e-07
0.2,0.65,9.190064896805914e-07
0.2,0.7,9.195163049584435e-07
0.25,0.0,1.0395880669456493e-06
0.25,0.05,1.631259829889493e-06
0.25,0.1,2.1517716911120157e-06
0.25,0.15,2.4181191083922974e-06
0.25,0.2,2.5155442255368987e-06
0.25,0.25,2.5401015166743136e-06
0.25,0.3,2.5390896873153054e-06
0.25,0.35,2.530953687024178e-06
0.25,0.4,2.5221064015685893e-06
0.25,0.45,2.5144985083452793e-06
0.25,0.5,2.5085338596156857e-06
0.25,0.55,2.504127410777523e-06
0.25,0.6,2.5010734957857956e-06
0.25,0.65,2.4991658820523283e-06
0.25,0.7,2.4982308624321414e-06
0.3,0.0,1.6408624698792955e-06
0.3,0.05,2.851171693297464e-06
0.3,0.1,4.01465304351931e-06
0.3,0.15,4.645248852022084e-06
0.3,0.2,4.890253475989248e-06
0.3,0.25,4.961882804607378e-06
0.3,0.3,4.969818956228858e-06
0.3,0.35,4.957988533331698e-06
0.3,0.4,4.942157774882534e-06
0.3,0.45,4.927460363285363e-06
0.3,0.5,4.915254580495138e-06
0.3,0.55,4.905643408239221e-06
0.3,0.6,4.898368039862862e-06
0.3,0.65,4.893110385641455e-06
0.3,0.7,4.889585531164599e-06
0.35,0.0,2.1890773487869617e-06
0.35,0.05,4.1427026743689535e-06
0.35,0.1,6.1652022013164275e-06
0.35,0.15,7.315728714795984e-06
0.35,0.2,7.782859542658428e-06
0.35,0.25,7.931572589016532e-06
0.35,0.3,7.95962268974879e-06
0.35,0.35,7.948002992877108e-06
0.35,0.4,7.926409846154968e-06
0.35,0.45,7.904894554824773e-06
0.35,0.5,7.88642328003947e-06
0.35,0.55,7.871536735549392e-06
0.35,0.6,7.860021725941114e-06
0.35,0.65,7.851489707293783e-06
0.35,0.7,7.845563380356512e-06
0.4,0.0,2.667718368297804e-06
0.4,0.05,5.4075668538666736e-06
0.4,0.1,8.440262305002248e-06
0.4,0.15,1.0249167036303297e-05
0.4,0.2,1.1013400877531157e-05
0.4,0.25,1.1272679024551112e-05
0.4,0.3,1.1335541698044935e-05
0.4,0.35,1.133128257846122e-05
0.4,0.4,1.130814025688051e-05
0.4,0.45,1.1282880351084225e-05
0.4,0.5,1.1260777850189469e-05
0.4,0.55,1.1243095040902934e-05
0.4,0.6,1.1229788093436302e-05
0.4,0.65,1.1220458269172534e-05
0.4,0.7,1.1214669318347036e-05
0.45,0.0,3.072699807481929e-06
0.45,0.05,6.571234316585316e-06
0.45,0.1,1.0708742918056082e-05
0.45,0.15,1.330638246726887e-05
0.45,0.2,1.4449126066319113e-05
0.45,0.25,1.4858690093449662e-05
0.45,0.3,1.4975761001185572e-05
0.45,0.35,1.4989831168912725e-05
0.45,0.4,1.4972764144431084e-05
0.45,0.45,1.4950057314192806e-05
0.45,0.5,1.4930091806369806e-05
0.45,0.55,1.4915178576425849e-05
0.45,0.6,1.4905588162667503e-05
0.45,0.65,1.4900983848156335e-05
0.45,0.7,1.4900911690398886e-05
0.5,0.0,3.396529916938347e-06
0.5,0.05,7.563055992900681e-06
0.5,0.1,1.2841017773950012e-05
0.5,0.15,1.6346920846564154e-05
0.5,0.2,1.7955244941577824e-05
0.5,0.25,1.85605594510185e-05
0.5,0.3,1.8755334446300033e-05
0.5,0.35,1.88018593221915e-05
0.5,0.4,1.8801222813444566e-05
0.5,0.45,1.878991233168157e-05
0.5,0.5,1.8780314110117108e-05
0.5,0.55,1.8776157719316134e-05
0.5,0.6,1.8778192202046676e-05
0.5,0.65,1.8786224682454038e-05
0.5,0.7,1.879983046404007e-05
0.55,0.0,3.6336160157616546e-06
0.55,0.05,8.328947178210134e-06
0.55,0.1,1.4720760655774146e-05
0.55,0.15,1.923405790469213e-05
0.55,0.2,2.1395177467746964e-05
0.55,0.25,2.2244308696884196e-05
0.55,0.3,2.2542148244154364e-05
0.55,0.35,2.2636511945615737e-05
0.55,0.4,2.266361818928001e-05
0.55,0.45,2.267335959660466e-05
0.55,0.5,2.2683093166130043e-05
0.55,0.55,2.2698364083818848e-05
0.55,0.6,2.2720575135034015e-05
0.55,0.65,2.274976395447336e-05
0.55,0.7,2.2785584423194042e-05
0.6,0.0,3.785171143256216e-06
0.6,0.05,8.842499544273012e-06
0.6,0.1,1.6262069865386935e-05
0.6,0.15,2.185303611982044e-05
0.6,0.2,2.4648929149475145e-05
0.6,0.25,2.5789388894829822e-05
0.6,0.3,2.621520737563891e-05
0.6,0.35,2.6372064292144404e-05
0.6,0.4,2.6437320401315327e-05
0.6,0.45,2.6476765669134295e-05
0.6,0.5,2.6513724886158638e-05
0.6,0.55,2.6555965757135144e-05
0.6,0.6,2.6605721715099837e-05
0.6,0.65,2.666334643697751e-05
0.6,0.7,2.672861977345044e-05
0.65,0.0,3.8596684102096255e-06
0.65,0.05,9.105966562780007e-06
0.65,0.1,1.7417084563097697e-05
0.65,0.15,2.4123131642599883e-05
0.65,0.2,2.762783161493541e-05
0.65,0.25,2.910507369369922e-05
0.65,0.3,2.968212846144419e-05
0.65,0.35,2.9914278107343915e-05
0.65,0.4,3.002610052123452e-05
0.65,0.45,3.010183395344835e-05
0.65,0.5,3.017178871566341e-05
0.65,0.55,3.0246364706452282e-05
0.65,0.6,3.032879950216497e-05
0.65,0.65,3.041984340024662e-05
0.65,0.7,3.051944466707878e-05
0.7,0.0,3.870480553946115e-06
0.7,0.05,9.14395290273596e-06
0.7,0.1,1.8173663291272497e-05
0.7,0.15,2.5999068937751876e-05
0.7,0.2,3.027842110769022e-05
0.7,0.25,3.2136073388702794e-05
0.7,0.3,3.2886013607567374e-05
0.7,0.35,3.320430794312473e-05
0.7,0.4,3.336897754227857e-05
0.7,0.45,3.3485361213297705e-05
0.7,0.5,3.359180878727961e-05
0.7,0.55,3.370176955634933e-05
0.7,0.6,3.3819656267676124e-05
0.7,0.65,3.3946691219101504e-05
0.7,0.7,3.4083028085400825e-05
