lg_nw,r_nw,t_ox,N_sd,eps_ox
10,5,0.5,2.0e+20,22
vgs,vds,ids
0.0,0.0,1.577924092641974e-08
0.0,0.05,2.422102654050317e-08
0.0,0.1,3.0724046794402104e-08
0.0,0.15,3.475674295245169e-08
0.0,0.2,3.752945910075316e-08
0.0,0.25,3.9939112005176086e-08
0.0,0.3,4.241547977318525e-08
0.0,0.35,4.514937008868629e-08
0.0,0.4,4.8236513155261646e-08
0.0,0.45,5.174123389381164e-08
0.0,0.5,5.572246828647969e-08
0.0,0.55,6.024470894602838e-08
0.0,0.6,6.538334086094908e-08
0.0,0.65,7.122809826160603e-08
0.0,0.7,7.788610625034858e-08
0.05,0.0,6.96810332064692e-08
0.05,0.05,1.0705358259126977e-07
0.05,0.1,1.3566730810755733e-07
0.05,0.15,1.526495837804632e-07
0.05,0.2,1.6354200051811494e-07
0.05,0.25,1.7244292170007158e-07
0.05,0.3,1.8126034063058677e-07
0.05,0.35,1.907803339356124e-07
0.05,0.4,2.0133488873710227e-07
0.05,0.45,2.1309298456893968e-07
0.05,0.5,2.261756940208313e-07
0.05,0.55,2.4070077436792944e-07
0.05,0.6,2.5680054191297004e-07
0.05,0.65,2.7463008089271565e-07
0.05,0.7,2.943723280146925e-07
0.1,0.0,2.6621661710409767e-07
0.1,0.05,4.1843305125224395e-07
0.1,0.1,5.333474662808597e-07
0.1,0.15,5.973117692817635e-07
0.1,0.2,6.340900537100791e-07
0.1,0.25,6.610391008803827e-07
0.1,0.3,6.860494210816567e-07
0.1,0.35,7.122115566686274e-07
0.1,0.4,7.406712250631954e-07
0.1,0.45,7.718570558419059e-07
0.1,0.5,8.059576202534692e-07
0.1,0.55,8.430996223737456e-07
0.1,0.6,8.834129236338117e-07
0.1,0.65,9.27053934650441e-07
0.1,0.7,9.742143819781e-07
0.15,0.0,7.668967537645397e-07
0.15,0.05,1.2649115351895342e-06
0.15,0.1,1.6397056434988647e-06
0.15,0.15,1.8352662490485999e-06
0.15,0.2,1.933189494853149e-06
0.15,0.25,1.9934189451254505e-06
0.15,0.3,2.0429489383216458e-06
0.15,0.35,2.092149621990453e-06
0.15,0.4,2.1446767865701064e-06
0.15,0.45,2.201698281622334e-06
0.15,0.5,2.2635211468466715e-06
0.15,0.55,2.33019165986256e-06
0.15,0.6,2.4017089151485895e-06
0.15,0.65,2.478096551316064e-06
0.15,0.7,2.5594239707770358e-06
0.2,0.0,1.6262632651257338e-06
0.2,0.05,2.83861744971509e-06
0.2,0.1,3.766499270740555e-06
0.2,0.15,4.233747317729586e-06
0.2,0.2,4.442571253794137e-06
0.2,0.25,4.547456094608654e-06
0.2,0.3,4.618548915777795e-06
0.2,0.35,4.682849679181816e-06
0.2,0.4,4.749877723753311e-06
0.2,0.45,4.82265209481059e-06
0.2,0.5,4.901909491984505e-06
0.2,0.55,4.987654762592145e-06
0.2,0.6,5.079711720915825e-06
0.2,0.65,5.1779081521628835e-06
0.2,0.7,5.282130136711561e-06
0.25,0.0,2.7148731216156437e-06
0.25,0.05,4.985887183657752e-06
0.25,0.1,6.778136912238194e-06
0.25,0.15,7.679527751528274e-06
0.25,0.2,8.059556624589649e-06
0.25,0.25,8.222582431700307e-06
0.25,0.3,8.310304648591134e-06
0.25,0.35,8.377963375865518e-06
0.25,0.4,8.445317866853134e-06
0.25,0.45,8.51883741926403e-06
0.25,0.5,8.600266528852859e-06
0.25,0.55,8.689780033629596e-06
0.25,0.6,8.787109567037813e-06
0.25,0.65,8.89192766768844e-06
0.25,0.7,9.00396571739118e-06
0.3,0.0,3.880456147857607e-06
0.3,0.05,7.428396662194453e-06
0.3,0.1,1.0352308881839006e-05
0.3,0.15,1.1862771543907584e-05
0.3,0.2,1.2492695823490003e-05
0.3,0.25,1.2741781570594348e-05
0.3,0.3,1.2852939822875215e-05
0.3,0.35,1.2922790295866918e-05
0.3,0.4,1.2986489560183137e-05
0.3,0.45,1.3055912499795578e-05
0.3,0.5,1.3134557470674378e-05
0.3,0.55,1.3223067565097284e-05
0.3,0.6,1.3321215634526142e-05
0.3,0.65,1.3428591959445652e-05
0.3,0.7,1.3544824555814018e-05
0.35,0.0,5.041274714190886e-06
0.35,0.05,9.989624216604442e-06
0.35,0.1,1.4317087305032793e-05
0.35,0.15,1.666295306100299e-05
0.35,0.2,1.7659807896550482e-05
0.35,0.25,1.8045968733228323e-05
0.35,0.3,1.820298825330895e-05
0.35,0.35,1.828658363921274e-05
0.35,0.4,1.8354420541600367e-05
0.35,0.45,1.842648594332427e-05
0.35,0.5,1.850904953177271e-05
0.35,0.55,1.8603610176058878e-05
0.35,0.6,1.8710137179669448e-05
0.35,0.65,1.882820906249924e-05
0.35,0.7,1.895739089250085e-05
0.4,0.0,6.153072591520839e-06
0.4,0.05,1.2574099735909876e-05
0.4,0.1,1.8625944297792055e-05
0.4,0.15,2.2112347101990296e-05
0.4,0.2,2.3643707233577797e-05
0.4,0.25,2.4245062777449687e-05
0.4,0.3,2.4486305498592897e-05
0.4,0.35,2.4606591067060725e-05
0.4,0.4,2.469599831782811e-05
0.4,0.45,2.4786418980588786e-05
0.4,0.5,2.4888319045094867e-05
0.4,0.55,2.500458816217562e-05
0.4,0.6,2.5135596226847705e-05
0.4,0.65,2.5280991833287418e-05
0.4,0.7,2.5440314120692453e-05
0.45,0.0,7.1720902947484265e-06
0.45,0.05,1.5082631359131194e-05
0.45,0.1,2.3194309457972046e-05
0.45,0.15,2.817584252474397e-05
0.45,0.2,3.0444492218891258e-05
0.45,0.25,3.135930361604709e-05
0.45,0.3,3.1735511011576574e-05
0.45,0.35,3.1924284491864096e-05
0.45,0.4,3.205988321822599e-05
0.45,0.45,3.219066188791856e-05
0.45,0.5,3.23330205954195e-05
0.45,0.55,3.249190511598741e-05
0.45,0.6,3.266834524532362e-05
0.45,0.65,3.286216366410356e-05
0.45,0.7,3.3072916596515564e-05
0.5,0.0,8.050129432382054e-06
0.5,0.05,1.737907063977703e-05
0.5,0.1,2.7812135263969622e-05
0.5,0.15,3.462087809209255e-05
0.5,0.2,3.7825676584727423e-05
0.5,0.25,3.915320528474722e-05
0.5,0.3,3.971728421388153e-05
0.5,0.35,4.000841962013663e-05
0.5,0.4,4.021641363032582e-05
0.5,0.45,4.0410535843438374e-05
0.5,0.5,4.06148469312597e-05
0.5,0.55,4.083702683181396e-05
0.5,0.6,4.107903812320068e-05
0.5,0.65,4.134098939150619e-05
0.5,0.7,4.1622497844995794e-05
0.55,0.0,8.746152924088007e-06
0.55,0.05,1.9312498393951507e-05
0.55,0.1,3.217553642407394e-05
0.55,0.15,4.105526475851963e-05
0.55,0.2,4.53539677518547e-05
0.55,0.25,4.717437841070584e-05
0.55,0.3,4.7969199253383454e-05
0.55,0.35,4.8389768854995065e-05
0.55,0.4,4.869044382356211e-05
0.55,0.45,4.896496880629296e-05
0.55,0.5,4.9246465757458875e-05
0.55,0.55,4.9545911593783045e-05
0.55,0.6,4.986643468865389e-05
0.55,0.65,5.0208526626865906e-05
0.55,0.7,5.057190173621128e-05
0.6,0.0,9.238266722095873e-06
0.6,0.05,2.0761382855205116e-05
0.6,0.1,3.5982383529023e-05
0.6,0.15,4.706508871850229e-05
0.6,0.2,5.2561823982721315e-05
0.6,0.25,5.492803027999537e-05
0.6,0.3,5.598021557601068e-05
0.6,0.35,5.6545313722723115e-05
0.6,0.4,5.6948498172310096e-05
0.6,0.45,5.7310471424323364e-05
0.6,0.5,5.767440185193014e-05
0.6,0.55,5.805496634890093e-05
0.6,0.6,5.845663061006394e-05
0.6,0.65,5.8880342967085794e-05
0.6,0.7,5.9325942896776863e-05
0.65,0.0,9.528258019855264e-06
0.65,0.05,2.166575482457849e-05
0.65,0.1,3.9013901918265733e-05
0.65,0.15,5.233593164545519e-05
0.65,0.2,5.909326537970576e-05
0.65,0.25,6.203644202529973e-05
0.65,0.3,6.335846833504183e-05
0.65,0.35,6.407210048562232e-05
0.65,0.4,6.45777999338746e-05
0.65,0.45,6.502499630412711e-05
0.65,0.5,6.546760317944277e-05
0.65,0.55,6.592428430479236e-05
0.65,0.6,6.64009675785901e-05
0.65,0.65,6.689911514297465e-05
0.65,0.7,6.741871720562895e-05
0.7,0.0,9.638077076277501e-06
0.7,0.05,2.2033137039629977e-05
0.7,0.1,4.1163990671145404e-05
0.7,0.15,5.669664388101579e-05
0.7,0.2,6.475711130445674e-05
0.7,0.25,6.829839143120956e-05
0.7,0.3,6.9895131327788e-05
0.7,0.35,7.075469580354062e-05
0.7,0.4,7.135688238109304e-05
0.7,0.45,7.188144443641692e-05
0.7,0.5,7.239365895144717e-05
0.7,0.55,7.291642434061742e-05
0.7,0.6,7.345723774235292e-05
0.7,0.65,7.401812647552921e-05
0.7,0.7,7.459925913798316e-05
