lg_nw,r_nw,t_ox,N_sd,eps_ox
16,2,1.5,5.0e+19,3.9
vgs,vds,ids
0.0,0.0,5.0075131365522844e-11
0.0,0.05,6.192738964730619e-11
0.0,0.1,6.963678757952113e-11
0.0,0.15,7.354003915343552e-11
0.0,0.2,7.541819040106771e-11
0.0,0.25,7.644153439053401e-11
0.0,0.3,7.714587849378104e-11
0.0,0.35,7.775112691949127e-11
0.0,0.4,7.834719836640697e-11
0.0,0.45,7.897364513550143e-11
0.0,0.5,7.96508002451107e-11
0.0,0.55,8.039168135579122e-11
0.0,0.6,8.120657602972034e-11
0.0,0.65,8.210487188616222e-11
0.0,0.7,8.309584392498102e-11
0.05,0.0,3.4535096421390753e-10
0.05,0.05,3.98066200548295e-10
0.05,0.1,4.3508075871518956e-10
0.05,0.15,4.5490228438837805e-10
0.05,0.2,4.6504250814366866e-10
0.05,0.25,4.711255941211893e-10
0.05,0.3,4.757944716308121e-10
0.05,0.35,4.801155694102264e-10
0.05,0.4,4.84502499460883e-10
0.05,0.45,4.891208493726441e-10
0.05,0.5,4.940462055844586e-10
0.05,0.55,4.993235738810153e-10
0.05,0.6,5.049895093345903e-10
0.05,0.65,5.110804185737309e-10
0.05,0.7,5.176357908683576e-10
0.1,0.0,2.5055262991356544e-09
0.1,0.05,2.659682845402515e-09
0.1,0.1,2.816558026137917e-09
0.1,0.15,2.911017654451235e-09
0.1,0.2,2.9610711300312445e-09
0.1,0.25,2.992578217542007e-09
0.1,0.3,3.0188854903148895e-09
0.1,0.35,3.0452777553814127e-09
0.1,0.4,3.0736059911301957e-09
0.1,0.45,3.104456068369017e-09
0.1,0.5,3.1379965379706207e-09
0.1,0.55,3.1742879429268183e-09
0.1,0.6,3.2133903751945317e-09
0.1,0.65,3.255398302876228e-09
0.1,0.7,3.300450220504784e-09
0.15,0.0,1.6367997853711134e-08
0.15,0.05,1.7320808715284544e-08
0.15,0.1,1.8386524899225786e-08
0.15,0.15,1.9016882328945695e-08
0.15,0.2,1.9300726815246524e-08
0.15,0.25,1.9435673752766533e-08
0.15,0.3,1.9528955611625585e-08
0.15,0.35,1.9622724733073086e-08
0.15,0.4,1.9730857067068814e-08
0.15,0.45,1.9856871411223927e-08
0.15,0.5,2.000095713990848e-08
0.15,0.55,2.0162503950854994e-08
0.15,0.6,2.0340949866467076e-08
0.15,0.65,2.0536029306102883e-08
0.15,0.7,2.0747817855130075e-08
0.2,0.0,7.803329628056256e-08
0.2,0.05,9.009192483209949e-08
0.2,0.1,1.0080707288761503e-07
0.2,0.15,1.0674143195462416e-07
0.2,0.2,1.0908162933015992e-07
0.2,0.25,1.0978702040199879e-07
0.2,0.3,1.0992919347143081e-07
0.2,0.35,1.0994138942686007e-07
0.2,0.4,1.0997476168949948e-07
0.2,0.45,1.1007414481439812e-07
0.2,0.5,1.1024786461263391e-07
0.2,0.55,1.1049332151864008e-07
0.2,0.6,1.1080587173078586e-07
0.2,0.65,1.1118165972244579e-07
0.2,0.7,1.1161833615279414e-07
0.25,0.0,2.3477492142502333e-07
0.25,0.05,2.937956120847952e-07
0.25,0.1,3.505960281139725e-07
0.25,0.15,3.8435343690277e-07
0.25,0.2,3.9836587803747646e-07
0.25,0.25,4.0265624132387507e-07
0.25,0.3,4.0321404907391293e-07
0.25,0.35,4.025772502186513e-07
0.25,0.4,4.016814770918349e-07
0.25,0.45,4.0083885680857687e-07
0.25,0.5,4.0013750306640265e-07
0.25,0.55,3.9959094978583587e-07
0.25,0.6,3.991916034627398e-07
0.25,0.65,3.9892892653248616e-07
0.25,0.7,3.9879500053544263e-07
0.3,0.0,4.675045367178707e-07
0.3,0.05,6.083896030263979e-07
0.3,0.1,7.655736498907411e-07
0.3,0.15,8.694347462303888e-07
0.3,0.2,9.165207861200511e-07
0.3,0.25,9.332135909129399e-07
0.3,0.3,9.374611013416668e-07
0.3,0.35,9.37249741949495e-07
0.3,0.4,9.356353282087665e-07
0.3,0.45,9.33697940900869e-07
0.3,0.5,9.317883745931801e-07
0.3,0.55,9.300029280259218e-07
0.3,0.6,9.283564630336739e-07
0.3,0.65,9.26843219587884e-07
0.3,0.7,9.254568838020681e-07
0.35,0.0,6.978222372010098e-07
0.35,0.05,9.267231591180286e-07
0.35,0.1,1.2231139664995521e-06
0.35,0.15,1.440065131169897e-06
0.35,0.2,1.5464557029919027e-06
0.35,0.25,1.5886963483160892e-06
0.35,0.3,1.60341396462007e-06
0.35,0.35,1.6076824510353071e-06
0.35,0.4,1.608215971128481e-06
0.35,0.45,1.607465049777945e-06
0.35,0.5,1.606276376263691e-06
0.35,0.55,1.604922688157853e-06
0.35,0.6,1.6034832830740205e-06
0.35,0.65,1.6019802727650813e-06
0.35,0.7,1.6004252202405065e-06
0.4,0.0,8.757660534563975e-07
0.4,0.05,1.1812244872498474e-06
0.4,0.1,1.6334231809546088e-06
0.4,0.15,1.9968557261247074e-06
0.4,0.2,2.1872646923213758e-06
0.4,0.25,2.269093643786419e-06
0.4,0.3,2.3025400617048876e-06
0.4,0.35,2.3169488772440488e-06
0.4,0.4,2.3241183372821715e-06
0.4,0.45,2.328442106057924e-06
0.4,0.5,2.3314862883043947e-06
0.4,0.55,2.3337888230281967e-06
0.4,0.6,2.3355316966282885e-06
0.4,0.65,2.336784787073492e-06
0.4,0.7,2.33759114531018e-06
0.45,0.0,9.967101959058094e-07
0.45,0.05,1.3604280931166247e-06
0.45,0.1,1.9664642805194325e-06
0.45,0.15,2.498063588727584e-06
0.45,0.2,2.7932413818650526e-06
0.45,0.25,2.927704473245698e-06
0.45,0.3,2.9881226502223263e-06
0.45,0.35,3.0186871707860295e-06
0.45,0.4,3.037514297213328e-06
0.45,0.45,3.051444228485294e-06
0.45,0.5,3.062954488951213e-06
0.45,0.55,3.072917774323451e-06
0.45,0.6,3.081642315434851e-06
0.45,0.65,3.0892531473001637e-06
0.45,0.7,3.0958274856068383e-06
0.5,0.0,1.073359514750877e-06
0.5,0.05,1.4737945235283248e-06
0.5,0.1,2.2157463705382285e-06
0.5,0.15,2.9242466151496463e-06
0.5,0.2,3.339439545383443e-06
0.5,0.25,3.5373875823152765e-06
0.5,0.3,3.6320332605096513e-06
0.5,0.35,3.684293150080862e-06
0.5,0.4,3.7196012819360415e-06
0.5,0.45,3.7476590055034797e-06
0.5,0.5,3.772006075198235e-06
0.5,0.55,3.79389431712967e-06
0.5,0.6,3.813762214250222e-06
0.5,0.65,3.8317801508528255e-06
0.5,0.7,3.8480464324339e-06
0.55,0.0,1.1190742500378569e-06
0.55,0.05,1.5342084981584174e-06
0.55,0.1,2.381788021522822e-06
0.55,0.15,3.262768321753295e-06
0.55,0.2,3.8067965684088996e-06
0.55,0.25,4.076040790095775e-06
0.55,0.3,4.210407084188986e-06
0.55,0.35,4.288700067916447e-06
0.55,0.4,4.344430650826654e-06
0.55,0.45,4.390486501316707e-06
0.55,0.5,4.431580818974587e-06
0.55,0.55,4.469365643344324e-06
0.55,0.6,4.50439533649374e-06
0.55,0.65,4.5368586798061495e-06
0.55,0.7,4.566845147405974e-06
0.6,0.0,1.144016434433979e-06
0.6,0.05,1.5541948306484952e-06
0.6,0.1,2.4699813856464947e-06
0.6,0.15,3.5074137887211458e-06
0.6,0.2,4.1827390392475814e-06
0.6,0.25,4.527762382249979e-06
0.6,0.3,4.705124407124087e-06
0.6,0.35,4.8120513422176264e-06
0.6,0.4,4.890693678938089e-06
0.6,0.45,4.95738466176401e-06
0.6,0.5,5.0180976768219835e-06
0.6,0.55,5.0748940215477065e-06
0.6,0.6,5.12841989707267e-06
0.6,0.65,5.178844908828841e-06
0.6,0.7,5.226207412224208e-06
0.65,0.0,1.1554051966529946e-06
0.65,0.05,1.5453614634394531e-06
0.65,0.1,2.4905252058874156e-06
0.65,0.15,3.6596738816300027e-06
0.65,0.2,4.463348617345838e-06
0.65,0.25,4.885609780014923e-06
0.65,0.3,5.1069884336819e-06
0.65,0.35,5.243192255418397e-06
0.65,0.4,5.345455461909703e-06
0.65,0.45,5.433789280140611e-06
0.65,0.5,5.515513218557322e-06
0.65,0.55,5.593112562147289e-06
0.65,0.6,5.6673064721483245e-06
0.65,0.65,5.7382098579739405e-06
0.65,0.7,5.8057658806364846e-06
0.7,0.0,1.1583023548026294e-06
0.7,0.05,1.517934023942145e-06
0.7,0.1,2.457104871345326e-06
0.7,0.15,3.727967685488943e-06
0.7,0.2,4.653080454736133e-06
0.7,0.25,5.151767958895325e-06
0.7,0.3,5.416287096665702e-06
0.7,0.35,5.580575914061593e-06
0.7,0.4,5.705362830223038e-06
0.7,0.45,5.814583525232211e-06
0.7,0.5,5.91701227049562e-06
0.7,0.55,6.015596643140921e-06
0.7,0.6,6.111131309856708e-06
0.7,0.65,6.203658547377273e-06
0.7,0.7,6.292995092129733e-06
