lg_nw,r_nw,t_ox,N_sd,eps_ox
16,2,1,1.0e+20,7.5
vgs,vds,ids
0.0,0.0,3.164576388803806e-11
0.0,0.05,3.9166445272729444e-11
0.0,0.1,4.376928702151229e-11
0.0,0.15,4.5845216752946445e-11
0.0,0.2,4.660127777495869e-11
0.0,0.25,4.678803503811634e-11
0.0,0.3,4.673992560932318e-11
0.0,0.35,4.659203174952466e-11
0.0,0.4,4.639897844957706e-11
0.0,0.45,4.618437567703459e-11
0.0,0.5,4.595976737152496e-11
0.0,0.55,4.5731762014777804e-11
0.0,0.6,4.550475584307488e-11
0.0,0.65,4.528202386428498e-11
0.0,0.7,4.506619891832663e-11
0.05,0.0,2.2131564628396588e-10
0.05,0.05,2.7185587586334175e-10
0.05,0.1,3.049672739010544e-10
0.05,0.15,3.2096600532937967e-10
0.05,0.2,3.2763196990694107e-10
0.05,0.25,3.3030324293974437e-10
0.05,0.3,3.3139878126143136e-10
0.05,0.35,3.318697063760753e-10
0.05,0.4,3.3207242383848655e-10
0.05,0.45,3.321393969592149e-10
0.05,0.5,3.321211171243001e-10
0.05,0.55,3.320385802383147e-10
0.05,0.6,3.3190243263313466e-10
0.05,0.65,3.317199189841812e-10
0.05,0.7,3.314974024890022e-10
0.1,0.0,1.5572516666929286e-09
0.1,0.05,1.816571234741159e-09
0.1,0.1,2.0147108652852e-09
0.1,0.15,2.1159649029819982e-09
0.1,0.2,2.1586719449462186e-09
0.1,0.25,2.176836977275617e-09
0.1,0.3,2.186566191161948e-09
0.1,0.35,2.194016753646578e-09
0.1,0.4,2.201269738783442e-09
0.1,0.45,2.208915326196514e-09
0.1,0.5,2.2170396565695895e-09
0.1,0.55,2.2255801921937648e-09
0.1,0.6,2.234447743850196e-09
0.1,0.65,2.243564921327661e-09
0.1,0.7,2.2528755897406824e-09
0.15,0.0,9.893186525823773e-09
0.15,0.05,1.1189856403182536e-08
0.15,0.1,1.2386912351182825e-08
0.15,0.15,1.3017916843975005e-08
0.15,0.2,1.32572628588399e-08
0.15,0.25,1.3331341266908562e-08
0.15,0.3,1.335399460956417e-08
0.15,0.35,1.3368489654467904e-08
0.15,0.4,1.3388612818472929e-08
0.15,0.45,1.3417526420644083e-08
0.15,0.5,1.3454979616320845e-08
0.15,0.55,1.3499861238278998e-08
0.15,0.6,1.355104072194957e-08
0.15,0.65,1.3607605741790942e-08
0.15,0.7,1.3668897345158938e-08
0.2,0.0,5.6506212650284834e-08
0.2,0.05,6.62304612938372e-08
0.2,0.1,7.536209207689302e-08
0.2,0.15,8.025840824670102e-08
0.2,0.2,8.201691161538683e-08
0.2,0.25,8.239960659507466e-08
0.2,0.3,8.233306538768096e-08
0.2,0.35,8.217708974443312e-08
0.2,0.4,8.204930720135254e-08
0.2,0.45,8.197899638396183e-08
0.2,0.5,8.19665452817794e-08
0.2,0.55,8.200463223287392e-08
0.2,0.6,8.20852705166158e-08
0.2,0.65,8.22018549748947e-08
0.2,0.7,8.234952057564743e-08
0.25,0.0,2.152833141425793e-07
0.25,0.05,2.756718358938015e-07
0.25,0.1,3.3475528731841516e-07
0.25,0.15,3.68276514306851e-07
0.25,0.2,3.8104689157495123e-07
0.25,0.25,3.841304895316291e-07
0.25,0.3,3.8372654629185767e-07
0.25,0.35,3.823457727499498e-07
0.25,0.4,3.808638708727601e-07
0.25,0.45,3.7954196742420893e-07
0.25,0.5,3.784297671124902e-07
0.25,0.55,3.775122193960366e-07
0.25,0.6,3.767601127339419e-07
0.25,0.65,3.7614616936534327e-07
0.25,0.7,3.7564916129406234e-07
0.3,0.0,4.940106013098646e-07
0.3,0.05,6.865166452503996e-07
0.3,0.1,9.003001396004547e-07
0.3,0.15,1.0331082082361784e-06
0.3,0.2,1.0880983837928334e-06
0.3,0.25,1.104055545006993e-06
0.3,0.3,1.104963451084901e-06
0.3,0.35,1.1009860006255988e-06
0.3,0.4,1.0958423678780725e-06
0.3,0.45,1.0907567202089977e-06
0.3,0.5,1.0860626720066627e-06
0.3,0.55,1.081798718236232e-06
0.3,0.6,1.077919329862802e-06
0.3,0.65,1.074366050227989e-06
0.3,0.7,1.0710889519491634e-06
0.35,0.0,7.908842047444483e-07
0.35,0.05,1.1703969749602718e-06
0.35,0.1,1.6517864553269917e-06
0.35,0.15,1.9787913128003558e-06
0.35,0.2,2.1241813644003405e-06
0.35,0.25,2.1720986962737037e-06
0.35,0.3,2.180642062665473e-06
0.35,0.35,2.175453226519836e-06
0.35,0.4,2.166218255549468e-06
0.35,0.45,2.1562914946272006e-06
0.35,0.5,2.146713626205037e-06
0.35,0.55,2.1377268657033057e-06
0.35,0.6,2.1293215855600543e-06
0.35,0.65,2.121426165546543e-06
0.35,0.7,2.1139686259493855e-06
0.4,0.0,1.0319656233382077e-06
0.4,0.05,1.6065140005527495e-06
0.4,0.1,2.4272391703735e-06
0.4,0.15,3.0318120719138602e-06
0.4,0.2,3.317224764297637e-06
0.4,0.25,3.4202284147831635e-06
0.4,0.3,3.4468239328701334e-06
0.4,0.35,3.4455476413213755e-06
0.4,0.4,3.435176515084789e-06
0.4,0.45,3.422420293789915e-06
0.4,0.5,3.409503785003846e-06
0.4,0.55,3.3970653965999944e-06
0.4,0.6,3.3852160418107925e-06
0.4,0.65,3.3739140046816794e-06
0.4,0.7,3.3630915589494148e-06
0.45,0.0,1.2050399707398168e-06
0.45,0.05,1.9531381454970578e-06
0.45,0.1,3.1418102198205022e-06
0.45,0.15,4.08648010538592e-06
0.45,0.2,4.557038928139077e-06
0.45,0.25,4.739255893271716e-06
0.45,0.3,4.796774852792276e-06
0.45,0.35,4.807269077683387e-06
0.45,0.4,4.801404348265412e-06
0.45,0.45,4.79038875025987e-06
0.45,0.5,4.778096670318754e-06
0.45,0.55,4.765762909727455e-06
0.45,0.6,4.7537152761533424e-06
0.45,0.65,4.7419963770762766e-06
0.45,0.7,4.730579045175484e-06
0.5,0.0,1.3212481827693493e-06
0.5,0.05,2.2041940256327953e-06
0.5,0.1,3.7520727448292608e-06
0.5,0.15,5.07741800334257e-06
0.5,0.2,5.772205614658351e-06
0.5,0.25,6.057450978098139e-06
0.5,0.3,6.160054318504581e-06
0.5,0.35,6.1918808163418945e-06
0.5,0.4,6.197947164799047e-06
0.5,0.45,6.1950039727451065e-06
0.5,0.5,6.189011243725388e-06
0.5,0.55,6.181992109185461e-06
0.5,0.6,6.1745859803747745e-06
0.5,0.65,6.166974716461035e-06
0.5,0.7,6.1592093050683255e-06
0.55,0.0,1.3937747663122873e-06
0.55,0.05,2.3635556043471116e-06
0.55,0.1,4.22946514237891e-06
0.55,0.15,5.952928470940894e-06
0.55,0.2,6.903610903331529e-06
0.55,0.25,7.314343230154803e-06
0.55,0.3,7.476564138479129e-06
0.55,0.35,7.540163887320171e-06
0.55,0.4,7.566633765916982e-06
0.55,0.45,7.5792050745472525e-06
0.55,0.5,7.586319339653984e-06
0.55,0.55,7.590960655680078e-06
0.55,0.6,7.594163131074828e-06
0.55,0.65,7.596294779885332e-06
0.55,0.7,7.597516496243674e-06
0.6,0.0,1.4333725427408633e-06
0.6,0.05,2.43991809524282e-06
0.6,0.1,4.557207782790159e-06
0.6,0.15,6.672705035364788e-06
0.6,0.2,7.902122982087845e-06
0.6,0.25,8.458393346585171e-06
0.6,0.3,8.694279754136613e-06
0.6,0.35,8.800226221313089e-06
0.6,0.4,8.855960012918294e-06
0.6,0.45,8.892012817417848e-06
0.6,0.5,8.919653076746855e-06
0.6,0.55,8.942969791631889e-06
0.6,0.6,8.963454845209128e-06
0.6,0.65,8.981693884488946e-06
0.6,0.7,8.997977176601419e-06
0.65,0.0,1.4485713562534287e-06
0.65,0.05,2.4460698469911876e-06
0.65,0.1,4.731826445009182e-06
0.65,0.15,7.21089410616175e-06
0.65,0.2,8.731877203831576e-06
0.65,0.25,9.450291009758286e-06
0.65,0.3,9.772570328582283e-06
0.65,0.35,9.930855104216508e-06
0.65,0.4,1.0024474143246357e-05
0.65,0.45,1.0091945575743541e-05
0.65,0.5,1.0147649955050332e-05
0.65,0.55,1.019688859358365e-05
0.65,0.6,1.0241647160227572e-05
0.65,0.65,1.0282738467834731e-05
0.65,0.7,1.0320583310276437e-05
0.7,0.0,1.4462671744975209e-06
0.7,0.05,2.397528137349259e-06
0.7,0.1,4.762552988497596e-06
0.7,0.15,7.557012569285535e-06
0.7,0.2,9.371588947780876e-06
0.7,0.25,1.026434298677805e-05
0.7,0.3,1.068361931356431e-05
0.7,0.35,1.0902962763357905e-05
0.7,0.4,1.1042242843471212e-05
0.7,0.45,1.1148503236024072e-05
0.7,0.5,1.1239454581249173e-05
0.7,0.55,1.1321676127282943e-05
0.7,0.6,1.1397651268651851e-05
0.7,0.65,1.146840240823575e-05
0.7,0.7,1.1534458403296038e-05
