lg_nw,r_nw,t_ox,N_sd,eps_ox
16,5,1,2.0e+20,3.9
vgs,vds,ids
0.0,0.0,1.648048648063119e-08
0.0,0.05,2.2982067560609244e-08
0.0,0.1,2.8109641865423816e-08
0.0,0.15,3.174606941056931e-08
0.0,0.2,3.466246905008414e-08
0.0,0.25,3.7419829421677746e-08
0.0,0.3,4.030446843618299e-08
0.0,0.35,4.345956540411898e-08
0.0,0.4,4.696935478142894e-08
0.0,0.45,5.089766941858641e-08
0.0,0.5,5.5304136017512155e-08
0.0,0.55,6.025092895497531e-08
0.0,0.6,6.580568752912591e-08
0.0,0.65,7.204285527039082e-08
0.0,0.7,7.904431542348337e-08
0.05,0.0,7.178906668602007e-08
0.05,0.05,1.0069993985734638e-07
0.05,0.1,1.23202428859854e-07
0.05,0.15,1.380563845829486e-07
0.05,0.2,1.488746947350759e-07
0.05,0.25,1.5836886035909798e-07
0.05,0.3,1.678803058487143e-07
0.05,0.35,1.7802264320227264e-07
0.05,0.4,1.8910360671490255e-07
0.05,0.45,2.013170259012547e-07
0.05,0.5,2.148220451291918e-07
0.05,0.55,2.2977520378736173e-07
0.05,0.6,2.4634375127025e-07
0.05,0.65,2.6471157748383374e-07
0.05,0.7,2.850821838739434e-07
0.1,0.0,2.5427363139589473e-07
0.1,0.05,3.670231978914898e-07
0.1,0.1,4.53343445035867e-07
0.1,0.15,5.049506816567052e-07
0.1,0.2,5.371814936934087e-07
0.1,0.25,5.618380464112831e-07
0.1,0.3,5.846011743085813e-07
0.1,0.35,6.078859429695736e-07
0.1,0.4,6.327321361447053e-07
0.1,0.45,6.596526361811637e-07
0.1,0.5,6.889757766378391e-07
0.1,0.55,7.209794064214803e-07
0.1,0.6,7.559436398151451e-07
0.1,0.65,7.941725025902588e-07
0.1,0.7,8.360038165799395e-07
0.15,0.0,6.53682406125287e-07
0.15,0.05,9.891211263249262e-07
0.15,0.1,1.246096607097569e-06
0.15,0.15,1.3870901858133273e-06
0.15,0.2,1.4613409150203366e-06
0.15,0.25,1.5078663491062385e-06
0.15,0.3,1.5451759939065452e-06
0.15,0.35,1.580847971569031e-06
0.15,0.4,1.6178887459116505e-06
0.15,0.45,1.6575500600212789e-06
0.15,0.5,1.7004455881791e-06
0.15,0.55,1.7469779368193432e-06
0.15,0.6,1.7975005989260552e-06
0.15,0.65,1.8523801778026277e-06
0.15,0.7,1.9120216237783067e-06
0.2,0.0,1.2504063808622806e-06
0.2,0.05,1.998557993908776e-06
0.2,0.1,2.5788199075929668e-06
0.2,0.15,2.8806529298525133e-06
0.2,0.2,3.0199637012054832e-06
0.2,0.25,3.0905003043085954e-06
0.2,0.3,3.136341637411861e-06
0.2,0.35,3.1752221682734e-06
0.2,0.4,3.2139425442995316e-06
0.2,0.45,3.255122801146375e-06
0.2,0.5,3.2998485613380704e-06
0.2,0.55,3.3486694182167346e-06
0.2,0.6,3.4019706008777217e-06
0.2,0.65,3.4601110834673544e-06
0.2,0.7,3.523475724976152e-06
0.25,0.0,1.9450975563032944e-06
0.25,0.05,3.2819810842571737e-06
0.25,0.1,4.329553790872984e-06
0.25,0.15,4.858121362338667e-06
0.25,0.2,5.083228576848862e-06
0.25,0.25,5.179406174934533e-06
0.25,0.3,5.228002149259409e-06
0.25,0.35,5.261441046602113e-06
0.25,0.4,5.291982296712273e-06
0.25,0.45,5.324202963066025e-06
0.25,0.5,5.35985316060211e-06
0.25,0.55,5.399675044432148e-06
0.25,0.6,5.444074239935631e-06
0.25,0.65,5.493365899543015e-06
0.25,0.7,5.547864719076704e-06
0.3,0.0,2.6672847599315496e-06
0.3,0.05,4.7189596567788335e-06
0.3,0.1,6.3359004694119906e-06
0.3,0.15,7.1382810073646665e-06
0.3,0.2,7.465386315036659e-06
0.3,0.25,7.590323743968237e-06
0.3,0.3,7.639692473603523e-06
0.3,0.35,7.663724952827598e-06
0.3,0.4,7.681300361527435e-06
0.3,0.45,7.699378083252084e-06
0.3,0.5,7.720526810069198e-06
0.3,0.55,7.745734996451159e-06
0.3,0.6,7.775444307565224e-06
0.3,0.65,7.809926320903462e-06
0.3,0.7,7.849418733115018e-06
0.35,0.0,3.386008781054414e-06
0.35,0.05,6.2221563757500055e-06
0.35,0.1,8.477373268045288e-06
0.35,0.15,9.594300847758159e-06
0.35,0.2,1.0041168461380275e-05
0.35,0.25,1.0200906766033666e-05
0.35,0.3,1.0252235864043424e-05
0.35,0.35,1.026620251215254e-05
0.35,0.4,1.0269476748385347e-05
0.35,0.45,1.027184218436692e-05
0.35,0.5,1.0276855199595184e-05
0.35,0.55,1.0285819645698585e-05
0.35,0.6,1.0299246053797851e-05
0.35,0.65,1.031738249604891e-05
0.35,0.7,1.0340405844063128e-05
0.4,0.0,4.076415911001923e-06
0.4,0.05,7.717501120343461e-06
0.4,0.1,1.0677563984400129e-05
0.4,0.15,1.216959752582557e-05
0.4,0.2,1.276783030722203e-05
0.4,0.25,1.297517931291313e-05
0.4,0.3,1.3032997547845081e-05
0.4,0.35,1.303828012514742e-05
0.4,0.4,1.3027555965433319e-05
0.4,0.45,1.3014218169838955e-05
0.4,0.5,1.3003107803611336e-05
0.4,0.55,1.2995961670877425e-05
0.4,0.6,1.2993412224146998e-05
0.4,0.65,1.2995714887000629e-05
0.4,0.7,1.3003010027776478e-05
0.45,0.0,4.707701966738222e-06
0.45,0.05,9.136314903665237e-06
0.45,0.1,1.288808037098994e-05
0.45,0.15,1.485403752120571e-05
0.45,0.2,1.56587968207869e-05
0.45,0.25,1.5937386585840376e-05
0.45,0.3,1.601097145921041e-05
0.45,0.35,1.6011282520210185e-05
0.45,0.4,1.5988304480074732e-05
0.45,0.45,1.596041224940518e-05
0.45,0.5,1.593424713001334e-05
0.45,0.55,1.591217683543915e-05
0.45,0.6,1.589503821405489e-05
0.45,0.65,1.5883135564615587e-05
0.45,0.7,1.58766007439491e-05
0.5,0.0,5.249278267222736e-06
0.5,0.05,1.0416873723362067e-05
0.5,0.1,1.506468524617673e-05
0.5,0.15,1.764119469237271e-05
0.5,0.2,1.8732917081720273e-05
0.5,0.25,1.9118747189900483e-05
0.5,0.3,1.9223226027355485e-05
0.5,0.35,1.9225413165114537e-05
0.5,0.4,1.919398809448888e-05
0.5,0.45,1.9154321629328646e-05
0.5,0.5,1.91156132119988e-05
0.5,0.55,1.908114966469808e-05
0.5,0.6,1.9052087749457636e-05
0.5,0.65,1.9028833528431354e-05
0.5,0.7,1.9011541162982358e-05
0.55,0.0,5.679385352827907e-06
0.55,0.05,1.1506954622077706e-05
0.55,0.1,1.7149437968779324e-05
0.55,0.15,2.0494839681992005e-05
0.55,0.2,2.1973435452060076e-05
0.55,0.25,2.251321680523607e-05
0.55,0.3,2.266926787493607e-05
0.55,0.35,2.2683442856739987e-05
0.55,0.4,2.2649687203414165e-05
0.55,0.45,2.260291758621779e-05
0.55,0.5,2.2555854949280272e-05
0.55,0.55,2.251307046921287e-05
0.55,0.6,2.2476184281431277e-05
0.55,0.65,2.2445766056324745e-05
0.55,0.7,2.2422024345978402e-05
0.6,0.0,5.989369940273008e-06
0.6,0.05,1.2367769604495336e-05
0.6,0.1,1.907043356895338e-05
0.6,0.15,2.3342984349598842e-05
0.6,0.2,2.53184028063696e-05
0.6,0.25,2.6065828752131342e-05
0.6,0.3,2.6298062477941228e-05
0.6,0.35,2.6336746316013573e-05
0.6,0.4,2.6308508619853574e-05
0.6,0.45,2.626072038520002e-05
0.6,0.5,2.6210727255197342e-05
0.6,0.55,2.6164802124028144e-05
0.6,0.6,2.612518987989093e-05
0.6,0.65,2.6092690097328742e-05
0.6,0.7,2.606759667411753e-05
0.65,0.0,6.183314348614457e-06
0.65,0.05,1.2978336192429644e-05
0.65,0.1,2.075487779282631e-05
0.65,0.15,2.60940805228278e-05
0.65,0.2,2.8677515825252337e-05
0.65,0.25,2.9689386926240437e-05
0.65,0.3,3.0024327403077023e-05
0.65,0.35,3.0101128136945385e-05
0.65,0.4,3.0086938544154496e-05
0.65,0.45,3.0044693280256366e-05
0.65,0.5,2.999754616973797e-05
0.65,0.55,2.9953918286320962e-05
0.65,0.6,2.991684932814377e-05
0.65,0.65,2.988743558870233e-05
0.65,0.7,2.9866084352289058e-05
0.7,0.0,6.274822896623047e-06
0.7,0.05,1.3337334013867684e-05
0.7,0.1,2.2143780141552424e-05
0.7,0.15,2.8658836337647708e-05
0.7,0.2,3.19571164043702e-05
0.7,0.25,3.329080546139586e-05
0.7,0.3,3.3755413238590154e-05
0.7,0.35,3.3883934997495986e-05
0.7,0.4,3.3892073844288384e-05
0.7,0.45,3.386155572392813e-05
0.7,0.5,3.382257502147049e-05
0.7,0.55,3.378616441394592e-05
0.7,0.6,3.375633252032497e-05
0.7,0.65,3.373453812876239e-05
0.7,0.7,3.372132683633101e-05
