lg_nw,r_nw,t_ox,N_sd,eps_ox
14,4,1.5,2.0e+20,22
vgs,vds,ids
0.0,0.0,4.348040424167756e-09
0.0,0.05,5.8768283439065676e-09
0.0,0.1,6.9305541470552704e-09
0.0,0.15,7.50694599393371e-09
0.0,0.2,7.839400806460921e-09
0.0,0.25,8.082757275917406e-09
0.0,0.3,8.306797445653552e-09
0.0,0.35,8.539459935918999e-09
0.0,0.4,8.791857222016783e-09
0.0,0.45,9.06891873514407e-09
0.0,0.5,9.373524966970097e-09
0.0,0.55,9.708068625438095e-09
0.0,0.6,1.0075045771720165e-08
0.0,0.65,1.0477291482153139e-08
0.0,0.7,1.0918091437621953e-08
0.05,0.0,2.4359866337799815e-08
0.05,0.05,3.269817603895681e-08
0.05,0.1,3.8719950015641114e-08
0.05,0.15,4.204229239087931e-08
0.05,0.2,4.393165671518967e-08
0.05,0.25,4.5291720452117656e-08
0.05,0.3,4.6535002011751226e-08
0.05,0.35,4.78249090288986e-08
0.05,0.4,4.922392715199653e-08
0.05,0.45,5.075734928120218e-08
0.05,0.5,5.243798570217844e-08
0.05,0.55,5.427537680848648e-08
0.05,0.6,5.627915537834186e-08
0.05,0.65,5.84602563016469e-08
0.05,0.7,6.083135949034045e-08
0.1,0.0,1.2220444241628825e-07
0.1,0.05,1.6615872894673933e-07
0.1,0.1,1.988795249922084e-07
0.1,0.15,2.166059508039749e-07
0.1,0.2,2.2607944191501317e-07
0.1,0.25,2.3238084291207513e-07
0.1,0.3,2.3784541364307936e-07
0.1,0.35,2.4338817866874217e-07
0.1,0.4,2.493453156964564e-07
0.1,0.45,2.558380330778598e-07
0.1,0.5,2.6291342193175375e-07
0.1,0.55,2.705965836246991e-07
0.1,0.6,2.7890927754190396e-07
0.1,0.65,2.8787624072222357e-07
0.1,0.7,2.975270789455122e-07
0.15,0.0,4.3995518259820693e-07
0.15,0.05,6.362015936597324e-07
0.15,0.1,7.863041874842052e-07
0.15,0.15,8.647757580718937e-07
0.15,0.2,9.022809442336739e-07
0.15,0.25,9.232197393300452e-07
0.15,0.3,9.388931993035821e-07
0.15,0.35,9.537158825437262e-07
0.15,0.4,9.692817313190304e-07
0.15,0.45,9.86128997988547e-07
0.15,0.5,1.004422950586424e-06
0.15,0.55,1.024208180640952e-06
0.15,0.6,1.0454988131243824e-06
0.15,0.65,1.0683090987949523e-06
0.15,0.7,1.0926625327891033e-06
0.2,0.0,1.0439588447286365e-06
0.2,0.05,1.6492170070164174e-06
0.2,0.1,2.134840985524967e-06
0.2,0.15,2.38549685381915e-06
0.2,0.2,2.4953714454544403e-06
0.2,0.25,2.5461021302410914e-06
0.2,0.3,2.5761543390653897e-06
0.2,0.35,2.6006544954939766e-06
0.2,0.4,2.6250941372951278e-06
0.2,0.45,2.651335133049311e-06
0.2,0.5,2.6799374797490783e-06
0.2,0.55,2.7110209995303e-06
0.2,0.6,2.744575247634597e-06
0.2,0.65,2.780566592900512e-06
0.2,0.7,2.818972049375157e-06
0.25,0.0,1.799246279306865e-06
0.25,0.05,3.098838341099415e-06
0.25,0.1,4.196442095706028e-06
0.25,0.15,4.767558500557035e-06
0.25,0.2,5.008654784109632e-06
0.25,0.25,5.107375675476552e-06
0.25,0.3,5.1540533845626465e-06
0.25,0.35,5.184558954846617e-06
0.25,0.4,5.212047993375764e-06
0.25,0.45,5.241066821229007e-06
0.25,0.5,5.2730437092125945e-06
0.25,0.55,5.308326940929076e-06
0.25,0.6,5.346921791639364e-06
0.25,0.65,5.388748984099491e-06
0.25,0.7,5.433729860688617e-06
0.3,0.0,2.570115035894947e-06
0.3,0.05,4.762496940405785e-06
0.3,0.1,6.700577082471481e-06
0.3,0.15,7.728066222004612e-06
0.3,0.2,8.15862072711955e-06
0.3,0.25,8.325522736379313e-06
0.3,0.3,8.393511441396928e-06
0.3,0.35,8.428783774030052e-06
0.3,0.4,8.455858897353396e-06
0.3,0.45,8.483352451673625e-06
0.3,0.5,8.514077325112776e-06
0.3,0.55,8.548805479027529e-06
0.3,0.6,8.587634527548349e-06
0.3,0.65,8.630472066936784e-06
0.3,0.7,8.677199675704499e-06
0.35,0.0,3.30913048213561e-06
0.35,0.05,6.5037322925961095e-06
0.35,0.1,9.460872187400376e-06
0.35,0.15,1.107613848853272e-05
0.35,0.2,1.1760582180872181e-05
0.35,0.25,1.2022002127779646e-05
0.35,0.3,1.2121265691542436e-05
0.35,0.35,1.2164926626624677e-05
0.35,0.4,1.2192872634321458e-05
0.35,0.45,1.2219318109591865e-05
0.35,0.5,1.2249042905425212e-05
0.35,0.55,1.2283470173286295e-05
0.35,0.6,1.2322884421300852e-05
0.35,0.65,1.2367224159097363e-05
0.35,0.7,1.2416355492360381e-05
0.4,0.0,3.9965697920018445e-06
0.4,0.05,8.231961527037754e-06
0.4,0.1,1.2369289071741568e-05
0.4,0.15,1.4728092926550386e-05
0.4,0.2,1.5752650536351412e-05
0.4,0.25,1.6147907409150562e-05
0.4,0.3,1.629655022551123e-05
0.4,0.35,1.6358361396945015e-05
0.4,0.4,1.6393881854133195e-05
0.4,0.45,1.642496382151882e-05
0.4,0.5,1.645913103900292e-05
0.4,0.55,1.649875852067444e-05
0.4,0.6,1.6544439719431622e-05
0.4,0.65,1.659619868475379e-05
0.4,0.7,1.6653914769808105e-05
0.45,0.0,4.606335166951326e-06
0.45,0.05,9.853069050670206e-06
0.45,0.1,1.5316908484599287e-05
0.45,0.15,1.860389035719646e-05
0.45,0.2,2.0080129077422322e-05
0.45,0.25,2.066338757405448e-05
0.45,0.3,2.0888492978974297e-05
0.45,0.35,2.098467460372353e-05
0.45,0.4,2.103993433229783e-05
0.45,0.45,2.108641503418271e-05
0.45,0.5,2.1135399279566248e-05
0.45,0.55,2.119060604563702e-05
0.45,0.6,2.1253094948484152e-05
0.45,0.65,2.1323043720745624e-05
0.45,0.7,2.140037867971942e-05
0.5,0.0,5.10951599451696e-06
0.5,0.05,1.1269300983035551e-05
0.5,0.1,1.8164891531591865e-05
0.5,0.15,2.2571070279818577e-05
0.5,0.2,2.4624646030418566e-05
0.5,0.25,2.545950667420393e-05
0.5,0.3,2.579405128606072e-05
0.5,0.35,2.5945018163913248e-05
0.5,0.4,2.6035622476098675e-05
0.5,0.45,2.611135037681551e-05
0.5,0.5,2.6188419050591394e-05
0.5,0.55,2.627234771860925e-05
0.5,0.6,2.6364844944095505e-05
0.5,0.65,2.6466320005457053e-05
0.5,0.7,2.6576782645342893e-05
0.55,0.0,5.486080286560862e-06
0.55,0.05,1.2398797380932022e-05
0.55,0.1,2.0759948878706032e-05
0.55,0.15,2.645234425291747e-05
0.55,0.2,2.920643661751657e-05
0.55,0.25,3.035722427452122e-05
0.55,0.3,3.0834705033095595e-05
0.55,0.35,3.106098690299228e-05
0.55,0.4,3.12023693716374e-05
0.55,0.45,3.132081270995915e-05
0.55,0.5,3.1438680780958306e-05
0.55,0.55,3.156376443950482e-05
0.55,0.6,3.1698609216920035e-05
0.55,0.65,3.1843934143276594e-05
0.55,0.7,3.19998664192039e-05
0.6,0.0,5.731233949308943e-06
0.6,0.05,1.3192837537722485e-05
0.6,0.1,2.2967177154123174e-05
0.6,0.15,3.0067965102415328e-05
0.6,0.2,3.363154803389348e-05
0.6,0.25,3.5156752672387856e-05
0.6,0.3,3.580679760260529e-05
0.6,0.35,3.612552236354362e-05
0.6,0.4,3.632977394514489e-05
0.6,0.45,3.650098408777241e-05
0.6,0.5,3.666882553704253e-05
0.6,0.55,3.684381104155054e-05
0.6,0.6,3.702950026143656e-05
0.6,0.65,3.72269928928404e-05
0.6,0.7,3.743656141037828e-05
0.65,0.0,5.854825443385819e-06
0.65,0.05,1.364183456414219e-05
0.65,0.1,2.469553875636833e-05
0.65,0.15,3.327564982143502e-05
0.65,0.2,3.774027904809781e-05
0.65,0.25,3.969070862010926e-05
0.65,0.3,4.0537578583577e-05
0.65,0.35,4.0961115696611054e-05
0.65,0.4,4.1235714146087787e-05
0.65,0.45,4.146511660138768e-05
0.65,0.5,4.168740396468118e-05
0.65,0.55,4.1916232874378455e-05
0.65,0.6,4.215633979549625e-05
0.65,0.65,4.240926733569186e-05
0.65,0.7,4.267545503655194e-05
0.7,0.0,5.876610466864055e-06
0.7,0.05,1.377021728302296e-05
0.7,0.1,2.5905498911093262e-05
0.7,0.15,3.5987976522584264e-05
0.7,0.2,4.143075578707969e-05
0.7,0.25,4.3851508032398536e-05
0.7,0.3,4.491516782313349e-05
0.7,0.35,4.545180432066057e-05
0.7,0.4,4.580016979761691e-05
0.7,0.45,4.6089112418693494e-05
0.7,0.5,4.636620053013962e-05
0.7,0.55,4.6648644683219695e-05
0.7,0.6,4.694251316910134e-05
0.7,0.65,4.724984887234863e-05
0.7,0.7,4.757127724229693e-05
