lg_nw,r_nw,t_ox,N_sd,eps_ox
20,3,1.5,5.0e+19,7.5
vgs,vds,ids
0.0,0.0,1.6835597694272698e-09
0.0,0.05,1.8143868668267649e-09
0.0,0.1,1.944685067493336e-09
0.0,0.15,2.0155548195281295e-09
0.0,0.2,2.046194472025737e-09
0.0,0.25,2.0587351661078874e-09
0.0,0.3,2.0643263812784524e-09
0.0,0.35,2.0675025452550204e-09
0.0,0.4,2.069962428977723e-09
0.0,0.45,2.0723145935487924e-09
0.0,0.5,2.074769471627846e-09
0.0,0.55,2.0773998331110608e-09
0.0,0.6,2.080236576165839e-09
0.0,0.65,2.0833032586754548e-09
0.0,0.7,2.0866281014103476e-09
0.05,0.0,9.7463219425683e-09
0.05,0.05,1.1229899247596386e-08
0.05,0.1,1.2543301370095765e-08
0.05,0.15,1.326211211437055e-08
0.05,0.2,1.3583781914172922e-08
0.05,0.25,1.3724886486417033e-08
0.05,0.3,1.3795346526679093e-08
0.05,0.35,1.3840115582010093e-08
0.05,0.4,1.3876042051359078e-08
0.05,0.45,1.3909086808274677e-08
0.05,0.5,1.394119935108275e-08
0.05,0.55,1.397292060860498e-08
0.05,0.6,1.4004345548680132e-08
0.05,0.65,1.4035472373803451e-08
0.05,0.7,1.4066324811933542e-08
0.1,0.0,5.32310837241997e-08
0.1,0.05,6.652239610878508e-08
0.1,0.1,7.743020230173719e-08
0.1,0.15,8.333224130247692e-08
0.1,0.2,8.592197583712055e-08
0.1,0.25,8.699520483069141e-08
0.1,0.3,8.746815314062351e-08
0.1,0.35,8.771709340064531e-08
0.1,0.4,8.788350368973462e-08
0.1,0.45,8.801755241520329e-08
0.1,0.5,8.813557801244927e-08
0.1,0.55,8.824188834888924e-08
0.1,0.6,8.833683955293325e-08
0.1,0.65,8.841977729616805e-08
0.1,0.7,8.849007513252633e-08
0.15,0.0,2.1263298315729935e-07
0.15,0.05,2.917727393460376e-07
0.15,0.1,3.5751214553195927e-07
0.15,0.15,3.9335234162857477e-07
0.15,0.2,4.086605950955268e-07
0.15,0.25,4.1441182861312636e-07
0.15,0.3,4.1635328230223103e-07
0.15,0.35,4.168730811830097e-07
0.15,0.4,4.1687764030342094e-07
0.15,0.45,4.1669283982192137e-07
0.15,0.5,4.1642774193443403e-07
0.15,0.55,4.161130614978774e-07
0.15,0.6,4.1575265919545763e-07
0.15,0.65,4.153423951015787e-07
0.15,0.7,4.148768718295954e-07
0.2,0.0,5.271954632613093e-07
0.2,0.05,7.852976105122492e-07
0.2,0.1,1.0221903283568548e-06
0.2,0.15,1.157879367774613e-06
0.2,0.2,1.216275221113061e-06
0.2,0.25,1.2373493329454597e-06
0.2,0.3,1.2433424731500276e-06
0.2,0.35,1.2437051475603004e-06
0.2,0.4,1.242072754735456e-06
0.2,0.45,1.2397733588072132e-06
0.2,0.5,1.237265365461775e-06
0.2,0.55,1.2346886700346746e-06
0.2,0.6,1.2320706095412719e-06
0.2,0.65,1.2294018366249876e-06
0.2,0.7,1.2266637894579628e-06
0.25,0.0,8.956363738822649e-07
0.25,0.05,1.4211569170110268e-06
0.25,0.1,1.962633760410106e-06
0.25,0.15,2.293004383626396e-06
0.25,0.2,2.439979790790352e-06
0.25,0.25,2.4945787142056675e-06
0.25,0.3,2.5111581277345246e-06
0.25,0.35,2.5133828315615655e-06
0.25,0.4,2.5104758961866913e-06
0.25,0.45,2.5058521103673312e-06
0.25,0.5,2.500718833559341e-06
0.25,0.55,2.4954672977655623e-06
0.25,0.6,2.4901951712180308e-06
0.25,0.65,2.484900115574717e-06
0.25,0.7,2.479550478601559e-06
0.3,0.0,1.2166722763332837e-06
0.3,0.05,2.035805310945817e-06
0.3,0.1,2.9715753188192944e-06
0.3,0.15,3.5775490460058037e-06
0.3,0.2,3.857895749696389e-06
0.3,0.25,3.96766048420425e-06
0.3,0.3,4.005896383488533e-06
0.3,0.35,4.016685550901062e-06
0.3,0.4,4.0174088046451994e-06
0.3,0.45,4.0145741324671355e-06
0.3,0.5,4.010526840052686e-06
0.3,0.55,4.006061931487646e-06
0.3,0.6,4.001410220366971e-06
0.3,0.65,3.996605353293219e-06
0.3,0.7,3.991618756502732e-06
0.35,0.0,1.4622231207057578e-06
0.35,0.05,2.5645764360775773e-06
0.35,0.1,3.942664035804443e-06
0.35,0.15,4.884577120315572e-06
0.35,0.2,5.33683293882211e-06
0.35,0.25,5.523201664924534e-06
0.35,0.3,5.596147190434036e-06
0.35,0.35,5.624871390887626e-06
0.35,0.4,5.636936370746727e-06
0.35,0.45,5.642758808267076e-06
0.35,0.5,5.6461486932659365e-06
0.35,0.55,5.648440882687974e-06
0.35,0.6,5.650061873012901e-06
0.35,0.65,5.651115417664285e-06
0.35,0.7,5.651598985747542e-06
0.4,0.0,1.6382167137845147e-06
0.4,0.05,2.9920003455421445e-06
0.4,0.1,4.8293293253319235e-06
0.4,0.15,6.150956340053453e-06
0.4,0.2,6.80754956655932e-06
0.4,0.25,7.090162350371444e-06
0.4,0.3,7.210689427279007e-06
0.4,0.35,7.2671366966781096e-06
0.4,0.4,7.2988941273770195e-06
0.4,0.45,7.320962420689446e-06
0.4,0.5,7.338889861281659e-06
0.4,0.55,7.354666203490167e-06
0.4,0.6,7.368967099989025e-06
0.4,0.65,7.38199606809672e-06
0.4,0.7,7.393797006905647e-06
0.45,0.0,1.7557116980073256e-06
0.45,0.05,3.3124473751769382e-06
0.45,0.1,5.598179675505335e-06
0.45,0.15,7.328843381068225e-06
0.45,0.2,8.216861867332242e-06
0.45,0.25,8.61317442836764e-06
0.45,0.3,8.793051244598885e-06
0.45,0.35,8.886336984692786e-06
0.45,0.4,8.945673635781998e-06
0.45,0.45,8.99123682070601e-06
0.45,0.5,9.030550768568834e-06
0.45,0.55,9.066357212268443e-06
0.45,0.6,9.099623519532725e-06
0.45,0.65,9.130674725495054e-06
0.45,0.7,9.159615136657098e-06
0.5,0.0,1.8244368563808744e-06
0.5,0.05,3.523830405143153e-06
0.5,0.1,6.221606139767825e-06
0.5,0.15,8.377362697998987e-06
0.5,0.2,9.519500786330854e-06
0.5,0.25,1.004504843344049e-05
0.5,0.3,1.0294773429568114e-05
0.5,0.35,1.043299181062439e-05
0.5,0.4,1.0526920185422807e-05
0.5,0.45,1.0602464611653085e-05
0.5,0.5,1.0669345237016662e-05
0.5,0.55,1.0731141084601912e-05
0.5,0.6,1.0789144465631469e-05
0.5,0.65,1.0843815637851599e-05
0.5,0.7,1.089532610425836e-05
0.55,0.0,1.8531193884611786e-06
0.55,0.05,3.629708437537985e-06
0.55,0.1,6.681321607639234e-06
0.55,0.15,9.265915155422228e-06
0.55,0.2,1.0681377689916607e-05
0.55,0.25,1.1350272323279485e-05
0.55,0.3,1.1679240472393574e-05
0.55,0.35,1.1869466829134693e-05
0.55,0.4,1.200405694286839e-05
0.55,0.45,1.2115208240912902e-05
0.55,0.5,1.2215055618533744e-05
0.55,0.55,1.2308095435895763e-05
0.55,0.6,1.239597134309988e-05
0.55,0.65,1.2479285373751536e-05
0.55,0.7,1.2558276077419876e-05
0.6,0.0,1.850110263861077e-06
0.6,0.05,3.6401313238476753e-06
0.6,0.1,6.9703818280245436e-06
0.6,0.15,9.975723894458733e-06
0.6,0.2,1.1680739165519657e-05
0.6,0.25,1.2506092819133725e-05
0.6,0.3,1.2922831795072484e-05
0.6,0.35,1.3171246914873127e-05
0.6,0.4,1.3351696712354995e-05
0.6,0.45,1.3503264387177886e-05
0.6,0.5,1.3640729385876094e-05
0.6,0.55,1.3769585313291517e-05
0.6,0.6,1.3891848915022211e-05
0.6,0.65,1.4008264361338252e-05
0.6,0.7,1.4119130578942227e-05
0.65,0.0,1.8233399879738917e-06
0.65,0.05,3.5703516784029242e-06
0.65,0.1,7.092513915545483e-06
0.65,0.15,1.0498611482852299e-05
0.65,0.2,1.2506418229759176e-05
0.65,0.25,1.3500561001217783e-05
0.65,0.3,1.4012909717741915e-05
0.65,0.35,1.4324924163634148e-05
0.65,0.4,1.4555653032350045e-05
0.65,0.45,1.4751708433511786e-05
0.65,0.5,1.4930762611842209e-05
0.65,0.55,1.5099389668769263e-05
0.65,0.6,1.5259998211100784e-05
0.65,0.65,1.541346950630944e-05
0.65,0.7,1.5560150036448377e-05
0.7,0.0,1.7799635920852399e-06
0.7,0.05,3.4385157136576198e-06
0.7,0.1,7.060106103509106e-06
0.7,0.15,1.0834686759676317e-05
0.7,0.2,1.3155053895607287e-05
0.7,0.25,1.432953924788064e-05
0.7,0.3,1.4944732919801036e-05
0.7,0.35,1.5325062961471225e-05
0.7,0.4,1.5609775098573374e-05
0.7,0.45,1.5853707945963834e-05
0.7,0.5,1.6077697335490054e-05
0.7,0.55,1.628948682272195e-05
0.7,0.6,1.649189398090855e-05
0.7,0.65,1.6685927473948432e-05
0.7,0.7,1.687196274208033e-05
